"species","x","y","e08.SST.max","e09.SST.min","e07.SAL.me","e04.NIT.min"
"species",1,1,26.8527908325195,24.1766796112061,35.0373191833496,0
"species",2,2,11.8654899597168,5.33868980407715,30.5164794921875,0.0600880011916161
"species",3,3,12.555890083313,5.15579223632812,26.9876003265381,2.27376008033752
"species",4,4,13.0290298461914,5.17049980163574,28.7571697235107,1.32968699932098
"species",5,5,13.7770900726318,4.68000507354736,28.2886199951172,2.14923405647278
"species",6,6,14.582480430603,6.04129981994629,30.7875709533691,0.0153540000319481
"species",7,7,14.2481498718262,4.99651193618774,29.3291702270508,0.477113008499146
"species",8,8,13.2128896713257,5.59897422790527,28.5097198486328,0.747430980205536
"species",9,9,12.7993497848511,5.92808198928833,28.9670906066895,0.36217200756073
"species",10,10,14.0999298095703,6.50768089294434,31.0125293731689,0.265444993972778
"species",11,11,14.0206804275513,7.40806007385254,31.4691295623779,0.0385110005736351
"species",12,12,13.9845104217529,6.36378908157349,30.9566707611084,0.40913599729538
"species",13,13,14.0849895477295,6.70499420166016,30.9862003326416,0.228330999612808
"species",14,14,14.2162399291992,6.38747596740723,30.9173107147217,0.394428998231888
"species",15,15,14.2532501220703,6.36073017120361,30.9162902832031,0.45592400431633
"species",16,16,13.9431600570679,7.37165784835815,31.205940246582,0.144391998648643
"species",17,17,13.8193798065186,6.75050401687622,30.7491798400879,0.240860998630524
"species",18,18,13.8358001708984,7.29280519485474,31.0766201019287,0.157661005854607
"species",19,19,13.8887395858765,7.26374387741089,30.9941101074219,0.161622002720833
"species",20,20,13.7993497848511,7.22985982894897,30.9557094573975,0.16193799674511
"species",21,21,13.804030418396,7.20456314086914,30.8638191223145,0.161035999655724
"species",22,22,13.9610500335693,7.26204681396484,30.7705097198486,0.16381099820137
"species",23,23,13.8941602706909,7.22432804107666,30.7170104980469,0.154567003250122
"species",24,24,14.0150499343872,7.25879096984863,30.7443599700928,0.161963999271393
"species",25,25,14.0163698196411,7.24326610565186,30.7288093566895,0.17765000462532
"species",26,26,13.9136600494385,7.20061492919922,30.7351703643799,0.177079007029533
"species",27,27,14.1111402511597,7.25879192352295,30.2866306304932,0.195714995265007
"species",28,28,14.0515804290771,7.13506984710693,30.3141899108887,0.196261003613472
"species",29,29,14.1289396286011,7.25388383865356,30.2062301635742,0.179296001791954
"species",30,30,14.1312398910522,7.18374395370483,30.1094207763672,0.204674005508423
"species",31,31,14.0548896789551,7.18970918655396,29.9854793548584,0.224873006343842
"species",32,32,13.8973598480225,7.34847497940063,30.0146102905273,0.194114997982979
"species",33,33,12.7168703079224,6.72894096374512,27.7529792785645,0.387798011302948
"species",34,34,13.0374898910522,6.68585205078125,27.5361099243164,0.428712993860245
"species",35,35,13.7437601089478,7.4832878112793,29.7775402069092,0.0551230013370514
"species",36,36,13.6624898910522,7.55874395370483,29.6199798583984,0.0499739982187748
"species",37,37,13.6564798355103,7.49436378479004,29.5891895294189,0.0923089981079102
"species",38,38,13.5374898910522,7.47374391555786,29.3220806121826,0.0939970016479492
"species",39,39,15.6284599304199,6.70173501968384,25.4136600494385,0.35664901137352
"species",40,40,15.871509552002,6.72090005874634,25.4125900268555,0.352506011724472
"species",41,41,13.6022500991821,7.43002700805664,29.0448093414307,0.095891997218132
"species",42,42,13.6792802810669,7.40145206451416,29.1018505096436,0.0991559997200966
"species",43,43,13.3934698104858,7.51031017303467,28.9549503326416,0.0850799977779388
"species",44,44,13.583740234375,7.38624382019043,29.0220394134521,0.088527999818325
"species",45,45,13.2854995727539,7.47826099395752,28.7193393707275,0.0688690021634102
"species",46,46,15.9626598358154,6.70028305053711,25.5115203857422,0.353857010602951
"species",47,47,16.9487400054932,6.81374406814575,25.3924293518066,0.296299010515213
"species",48,48,13.5607404708862,7.4049220085144,28.6800003051758,0.0805800035595894
"species",49,49,17.4854393005371,6.78698587417603,25.2998104095459,0.181968003511429
"species",50,50,16.7537403106689,6.71499395370483,25.5300407409668,0.353527009487152
"species",51,51,17.6087703704834,6.76079320907593,25.1292095184326,0.145315006375313
"species",52,52,16.9442405700684,6.72847700119019,25.5378608703613,0.315524995326996
"species",53,53,13.4257698059082,7.72915887832642,28.0427207946777,0.0511000007390976
"species",54,54,12.8166799545288,7.62355184555054,27.3802890777588,0.0319509990513325
"species",55,55,17.7164306640625,6.72207307815552,25.3455390930176,0.13824500143528
"species",56,56,13.9399499893188,7.78772878646851,29.3808002471924,0.197061002254486
"species",57,57,17.6954097747803,6.68945217132568,25.5111408233643,0.179306000471115
"species",58,58,11.8876304626465,7.42215585708618,26.6901397705078,0.0768909975886345
"species",59,59,13.914529800415,9.42865753173828,31.9832096099854,0.618004024028778
"species",60,60,11.8293800354004,7.40714597702026,26.6095104217529,0.0837699994444847
"species",61,61,17.9010200500488,6.64506006240845,25.5865497589111,0.157279998064041
"species",62,62,13.9724903106689,9.36624336242676,31.7572193145752,0.475335985422134
"species",63,63,14.3312397003174,7.79749393463135,29.6813697814941,0.252878993749619
"species",64,64,17.9874897003174,6.64624404907227,25.5590896606445,0.145677000284195
"species",65,65,14.1583099365234,9.38958358764648,31.7720203399658,0.501055002212524
"species",66,66,17.9985198974609,6.5786280632019,25.7037906646729,0.154063001275063
"species",67,67,13.0577802658081,9.34294319152832,32.7366714477539,3.53232002258301
"species",68,68,13.3873796463013,9.78902053833008,32.8399505615234,4.14415884017944
"species",69,69,13.0727996826172,9.34298706054688,32.7526206970215,3.67893695831299
"species",70,70,13.4708404541016,9.83218193054199,32.8387603759766,3.94903898239136
"species",71,71,17.7549896240234,6.5511269569397,25.750659942627,0.200602993369102
"species",72,72,17.8233509063721,6.55205583572388,25.7536392211914,0.210795998573303
"species",73,73,13.2320699691772,9.45181369781494,32.7723388671875,3.77623105049133
"species",74,74,11.6667499542236,7.3271861076355,26.0767593383789,0.0454009994864464
"species",75,75,13.5262403488159,9.78124332427979,32.8317909240723,3.87536311149597
"species",76,76,17.8694095611572,6.51697015762329,25.7515506744385,0.195977002382278
"species",77,77,14.3069000244141,9.11921787261963,31.2518100738525,0.438573002815247
"species",78,78,14.5787801742554,9.04961013793945,30.7856407165527,0.615019977092743
"species",79,79,14.8828401565552,8.1012487411499,25.7819805145264,1.15638697147369
"species",80,80,18.0101795196533,6.4302830696106,25.6595802307129,0.136254996061325
"species",81,81,14.8192195892334,8.03835678100586,25.7520904541016,1.13080894947052
"species",82,82,15.152979850769,8.81049156188965,28.6393795013428,0.574958980083466
"species",83,83,15.1076698303223,8.54343700408936,26.7175006866455,0.747766017913818
"species",84,84,17.590389251709,6.45088911056519,25.7375507354736,0.184870004653931
"species",85,85,18.0748195648193,6.36590480804443,25.7231197357178,0.139070004224777
"species",86,86,17.8376598358154,6.39746999740601,25.7054691314697,0.133126005530357
"species",87,87,11.5340003967285,7.25871992111206,25.4908504486084,0.0623699985444546
"species",88,88,11.6452198028564,7.25074577331543,25.3357601165771,0.073513999581337
"species",89,89,18.0738506317139,6.35446119308472,25.7410202026367,0.135819002985954
"species",90,90,17.8323402404785,6.38691902160645,25.7152500152588,0.131513997912407
"species",91,91,17.8812408447266,6.35249376296997,25.7241191864014,0.142783001065254
"species",92,92,17.4983406066895,6.43544101715088,25.6665592193604,0.139081001281738
"species",93,93,11.2699899673462,7.29749393463135,25.2208309173584,0.0757919996976852
"species",94,94,18.137809753418,6.31373500823975,25.7923698425293,0.157743006944656
"species",95,95,16.8174896240234,6.55624389648438,25.624210357666,0.138717994093895
"species",96,96,12.872859954834,7.10393476486206,25.2525100708008,0.086497999727726
"species",97,97,16.1869201660156,6.67355489730835,25.6153202056885,0.153465002775192
"species",98,98,13.7206201553345,7.01584005355835,25.3981094360352,0.102914996445179
"species",99,99,16.9554100036621,6.54900979995728,25.6113796234131,0.175659000873566
"species",100,100,14.1586103439331,6.96473121643066,25.4975605010986,0.133128002285957
"species",101,101,11.4312400817871,7.26749420166016,25.1797409057617,0.0890479981899261
"species",102,102,13.3549900054932,7.06874418258667,25.4735908508301,0.106751002371311
"species",103,103,12.2372999191284,7.17620897293091,25.2622604370117,0.0961249992251396
"species",104,104,18.0649700164795,6.22828912734985,25.8741493225098,0.29119199514389
"species",105,105,17.7902908325195,6.33338022232056,25.9449596405029,0.32592898607254
"species",106,106,17.7429790496826,6.34589099884033,25.8950500488281,0.316926002502441
"species",107,107,13.021240234375,7.11999416351318,25.4830799102783,0.109514996409416
"species",108,108,11.6177196502686,7.22327423095703,25.162130355835,0.100814998149872
"species",109,109,16.2215099334717,6.70812082290649,25.7663898468018,0.304071009159088
"species",110,110,12.5289602279663,7.13766384124756,25.4475402832031,0.104042999446392
"species",111,111,12.2893295288086,7.15378999710083,25.3351993560791,0.100124999880791
"species",112,112,11.6785402297974,7.18680095672607,25.201000213623,0.102907001972198
"species",113,113,12.5344696044922,7.13385915756226,25.4500293731689,0.105189003050327
"species",114,114,12.3199300765991,7.14600992202759,25.3357696533203,0.1058129966259
"species",115,115,13.1254901885986,7.09643983840942,25.4601497650146,0.108903996646404
"species",116,116,13.7070798873901,7.30024099349976,24.3945693969727,0.346289992332458
"species",117,117,13.4659204483032,7.06791687011719,25.5497207641602,0.118222996592522
"species",118,118,15.8988199234009,6.77860593795776,25.75465965271,0.216679006814957
"species",119,119,13.1978702545166,7.1891770362854,24.2267608642578,0.353307992219925
"species",120,120,13.4529399871826,7.06679010391235,25.5329093933105,0.126160994172096
"species",121,121,15.7956495285034,6.79113388061523,25.7428798675537,0.207249000668526
"species",122,122,14.4439496994019,6.99046993255615,25.6290607452393,0.139563992619514
"species",123,123,12.1222095489502,7.0904369354248,24.8026103973389,0.159360006451607
"species",124,124,13.8462800979614,7.37166404724121,24.8588409423828,0.454916000366211
"species",125,125,13.4681701660156,7.05828285217285,25.5227508544922,0.132018998265266
"species",126,126,13.8437404632568,7.37027502059937,24.2494792938232,0.457361996173859
"species",127,127,13.7433795928955,7.28486776351929,24.2114105224609,0.471242010593414
"species",128,128,13.6904096603394,7.24832677841187,24.1948509216309,0.477286994457245
"species",129,129,14.8850698471069,10.700119972229,31.7931098937988,6.05055379867554
"species",130,130,13.5179996490479,7.04545879364014,25.3537197113037,0.130676001310349
"species",131,131,13.117259979248,7.06344604492188,25.1861801147461,0.134228006005287
"species",132,132,13.7649602890015,7.31319808959961,24.2199192047119,0.470753997564316
"species",133,133,13.6934404373169,7.24015617370605,24.1893692016602,0.483200013637543
"species",134,134,14.8340396881104,10.482780456543,32.0121383666992,6.26886510848999
"species",135,135,13.6274499893188,7.20698881149292,24.1626892089844,0.540638983249664
"species",136,136,12.8955698013306,7.01365518569946,24.0191802978516,0.627424001693726
"species",137,137,14.8598299026489,10.5030097961426,31.9675102233887,6.23830699920654
"species",138,138,17.1911296844482,12.0530796051025,33.403938293457,2.44229698181152
"species",139,139,18.613109588623,12.8995399475098,33.4476585388184,2.04565501213074
"species",140,140,18.6062393188477,12.8687400817871,33.4438781738281,2.54736709594727
"species",141,141,18.7784194946289,12.9803800582886,33.4511299133301,2.11929488182068
"species",142,142,18.5781307220459,12.8317499160767,33.4450492858887,2.58279991149902
"species",143,143,18.348840713501,13.2924900054932,33.4549293518066,0.715276002883911
"species",144,144,19.0713806152344,13.181170463562,33.4527702331543,2.27555704116821
"species",145,145,19.029670715332,13.1577100753784,33.4479904174805,2.3729419708252
"species",146,146,20.1325397491455,14.2622003555298,33.4656715393066,0.402529001235962
"species",147,147,20.5125007629395,14.1494102478027,33.4575996398926,1.03357005119324
"species",148,148,20.2688694000244,14.2317399978638,33.4669914245605,0.457008987665176
"species",149,149,20.4697895050049,14.1101198196411,33.4524307250977,1.30937695503235
"species",150,150,20.5466709136963,14.1476097106934,33.450569152832,1.35770797729492
"species",151,151,20.1838703155518,13.9212799072266,33.4339981079102,2.30528807640076
"species",152,152,20.5969390869141,14.2114295959473,33.451229095459,1.16488194465637
"species",153,153,20.4221000671387,14.0677700042725,33.4364395141602,2.02080202102661
"species",154,154,20.9042701721191,15.933910369873,33.484920501709,0.0324489995837212
"species",155,155,20.528980255127,14.1375198364258,33.437629699707,1.91911602020264
"species",156,156,20.7694702148438,14.2226104736328,33.4365310668945,1.51646900177002
"species",157,157,20.9885101318359,14.330849647522,33.43701171875,1.51593196392059
"species",158,158,21.0809097290039,14.3561201095581,33.4216194152832,1.40525102615356
"species",159,159,21.2580299377441,14.4805402755737,33.2519607543945,1.24902200698853
"species",160,160,21.1644191741943,14.4718198776245,33.2354698181152,1.20034396648407
"species",161,161,21.2866992950439,14.4530897140503,33.2818717956543,1.30550396442413
"species",162,162,20.751859664917,14.4989700317383,33.1657981872559,0.995651006698608
"species",163,163,20.9471492767334,14.4232702255249,33.1959609985352,1.11549997329712
"species",164,164,20.9239101409912,14.5148897171021,33.1775703430176,1.10357904434204
"species",165,165,20.6057090759277,14.4235000610352,33.1847190856934,0.972891986370087
"species",166,166,20.7131004333496,14.5229301452637,33.2250099182129,0.954200029373169
"species",167,167,20.5693798065186,14.4533996582031,33.2670707702637,0.918631970882416
"species",168,168,20.4054298400879,14.8849802017212,33.4512214660645,0.350389003753662
"species",169,169,20.447790145874,14.4851198196411,33.284839630127,0.91786801815033
"species",170,170,20.3671207427979,14.4972801208496,33.3543586730957,0.85718697309494
"species",171,171,20.3345203399658,14.537579536438,33.3876609802246,0.860836982727051
"species",172,172,20.2878704071045,14.5676803588867,33.4328498840332,0.855859994888306
"species",173,173,20.2087707519531,14.5491895675659,33.4399299621582,0.892673015594482
"species",174,174,20.2678203582764,14.5045700073242,33.4166717529297,0.88968300819397
"species",175,175,20.0923690795898,14.4962100982666,33.4488410949707,0.878480017185211
"species",176,176,20.201789855957,14.4904003143311,33.4313316345215,0.874346971511841
"species",177,177,19.883020401001,14.3335599899292,33.454719543457,0.832825005054474
"species",178,178,19.8151702880859,14.2733001708984,33.4662895202637,0.79152500629425
"species",179,179,19.8077697753906,14.1463098526001,33.4727592468262,0.596578001976013
"species",180,180,19.9453601837158,14.211199760437,33.4765205383301,0.546719014644623
"species",181,181,20.063289642334,14.3810501098633,33.4652786254883,0.555862009525299
"species",182,182,19.8152294158936,14.294469833374,33.4248504638672,0.300790011882782
"species",183,183,21.9112606048584,15.5119199752808,33.6203804016113,0.00215000007301569
"species",184,184,21.9444198608398,15.5292997360229,33.6209106445312,0.00118699995800853
"species",185,185,21.646369934082,15.4585800170898,33.5686988830566,0.00152199994772673
"species",186,186,21.9992809295654,15.5606203079224,33.6202087402344,0.00105800002347678
"species",187,187,22.4970397949219,15.3975200653076,33.6585083007812,0.00227800011634827
"species",188,188,22.6562404632568,14.9787397384644,33.6651802062988,0.00262199994176626
"species",189,189,21.4179000854492,15.0444202423096,33.5350303649902,0.00820599962025881
"species",190,190,21.505729675293,15.1443395614624,33.5359306335449,0.00606299983337522
"species",191,191,23.6560897827148,15.3891401290894,33.7994804382324,0.000413000001572073
"species",192,192,22.7417907714844,16.0578498840332,33.5876502990723,0.000103999998827931
"species",193,193,22.7870597839355,16.0618000030518,33.6077613830566,0.000241000001551583
"species",194,194,22.9455394744873,15.9925899505615,33.6143188476562,0.000318000005790964
"species",195,195,22.9717597961426,15.999119758606,33.6136207580566,0.000327999994624406
"species",196,196,22.9704208374023,15.9948902130127,33.6131401062012,0.000325000000884756
"species",197,197,25.1807804107666,16.0620002746582,33.8980903625488,9.99999997475243e-07
"species",198,198,17.8936805725098,12.9527597427368,35.3287010192871,0.0485539995133877
"species",199,199,17.8685493469238,12.8781204223633,35.315990447998,0.0513279996812344
"species",200,200,17.9095802307129,12.8891296386719,35.3406600952148,0.0627750009298325
"species",201,201,17.9535503387451,12.910849571228,35.3135986328125,0.0737539976835251
"species",202,202,18.694429397583,13.4115695953369,34.8135795593262,0.0526859983801842
"species",203,203,18.5068206787109,12.8135004043579,35.6135406494141,0.0231340005993843
"species",204,204,16.7612400054932,9.67874336242676,35.0451889038086,9.99999997475243e-07
"species",205,205,16.8248901367188,9.64979553222656,35.0354614257812,1.99999999495049e-06
"species",206,206,16.8360805511475,9.6764497756958,35.0309791564941,1.99999999495049e-06
"species",207,207,16.7224807739258,9.60100841522217,35.0145606994629,1.99999999495049e-06
"species",208,208,22.9540596008301,15.1787996292114,35.8145904541016,0.0148299997672439
"species",209,209,20.3316497802734,12.4795198440552,35.4990081787109,0.0160990003496408
"species",210,210,20.5713405609131,12.4688501358032,35.4895515441895,0.0168880000710487
"species",211,211,16.9024906158447,8.14874362945557,33.4314117431641,0.00839000009000301
"species",212,212,16.6729907989502,8.98821544647217,34.6924095153809,0.0686779990792274
"species",213,213,15.9863901138306,9.67008972167969,35.054988861084,0.0622420012950897
"species",214,214,16.509090423584,8.99353885650635,34.7817802429199,0.0724449977278709
"species",215,215,16.060619354248,9.63571453094482,35.0478210449219,0.0657989978790283
"species",216,216,16.4915599822998,8.98647785186768,34.7879409790039,0.074692003428936
"species",217,217,16.1719703674316,9.57669258117676,35.0440406799316,0.0665360018610954
"species",218,218,21.3416690826416,12.3681898117065,35.3089790344238,0.0503109991550446
"species",219,219,21.5059299468994,12.3405103683472,35.2501983642578,0.0516070015728474
"species",220,220,16.7366409301758,8.36382007598877,34.7307815551758,0.0279510002583265
"species",221,221,21.9249897003174,12.2349901199341,35.0557518005371,0.102196998894215
"species",222,222,17.0025100708008,8.12856483459473,34.6250801086426,0.0231490004807711
"species",223,223,17.6216907501221,8.49884986877441,34.801628112793,4.50000006821938e-05
"species",224,224,17.1653499603271,8.02500438690186,34.5983581542969,0.0331629998981953
"species",225,225,22.0896892547607,12.1099100112915,34.9159812927246,0.138561993837357
"species",226,226,17.3274898529053,7.851243019104,34.6042518615723,0.0329600013792515
"species",227,227,17.3555107116699,7.87559604644775,34.5748405456543,0.0492569990456104
"species",228,228,17.0874900817871,8.8462438583374,34.8161010742188,1.99999999495049e-06
"species",229,229,22.1555194854736,11.9187297821045,34.7336616516113,0.24261200428009
"species",230,230,20.2841606140137,9.18927574157715,33.5314102172852,1.58806502819061
"species",231,231,17.9952697753906,7.21715021133423,34.290168762207,0.0563049986958504
"species",232,232,18.0566501617432,7.12197780609131,34.174129486084,0.0657859966158867
"species",233,233,18.0234298706055,7.18094301223755,34.1996002197266,0.0644899979233742
"species",234,234,18.0035190582275,7.18874883651733,34.1010093688965,0.0655779987573624
"species",235,235,17.8745708465576,7.83343505859375,34.5113792419434,0.0223830007016659
"species",236,236,18.0365905761719,7.14096784591675,34.0786781311035,0.0697740018367767
"species",237,237,18.0481204986572,7.11896991729736,34.0938911437988,0.069471001625061
"species",238,238,18.012659072876,7.16192483901978,34.0704689025879,0.0700500011444092
"species",239,239,17.9606304168701,7.19464492797852,34.0640602111816,0.065090000629425
"species",240,240,17.5258598327637,7.51105499267578,33.9622192382812,0.080315999686718
"species",241,241,17.2842197418213,7.70219993591309,33.9841003417969,0.0603020004928112
"species",242,242,17.2591495513916,7.65850400924683,33.8930015563965,0.0765189975500107
"species",243,243,18.5035800933838,5.79438304901123,34.0450782775879,0.224124997854233
"species",244,244,18.5638408660889,5.57179880142212,34.0765609741211,0.177168995141983
"species",245,245,18.4174900054932,5.77624416351318,34.0956993103027,0.143337994813919
"species",246,246,18.1599407196045,6.15885400772095,34.123950958252,0.130739003419876
"species",247,247,17.5876998901367,7.01975393295288,34.0540008544922,0.0763790011405945
"species",248,248,18.0199909210205,6.33624410629272,34.1449317932129,0.0583299994468689
"species",249,249,17.6137409210205,7.27874422073364,34.0826606750488,0.0124000003561378
"species",250,250,25.756160736084,12.9933395385742,37.6240386962891,0.00856900028884411
"species",251,251,16.2500991821289,4.05398511886597,32.2703399658203,0.0534129999577999
"species",252,252,16.4277000427246,3.94783091545105,32.0315589904785,0.0657560005784035
"species",253,253,17.5136394500732,3.46967506408691,30.5302295684814,0.105949997901917
"species",254,254,17.5281505584717,3.45116400718689,30.3880195617676,0.0969260036945343
"species",255,255,18.3546504974365,3.77042198181152,32.1724281311035,0.392592012882233
"species",256,256,17.6203899383545,3.3529269695282,30.3312206268311,0.0723399966955185
"species",257,257,17.640230178833,3.26183295249939,30.1377201080322,0.0653389990329742
"species",258,258,17.6308898925781,3.34344792366028,30.2353992462158,0.0644169971346855
"species",259,259,17.7003707885742,3.21310710906982,32.7716293334961,0.105795003473759
"species",260,260,17.6887397766113,3.1474940776825,29.9839191436768,0.0571100004017353
"species",261,261,17.7195796966553,3.1904079914093,29.9575901031494,0.0446950010955334
"species",262,262,17.4901103973389,3.11409997940063,33.0295791625977,0.0686199963092804
"species",263,263,17.7653694152832,3.13433909416199,29.9230804443359,0.0458859987556934
"species",264,264,17.4527492523193,3.23804903030396,33.0867195129395,0.0528159998357296
"species",265,265,17.4727191925049,3.17995190620422,33.0913581848145,0.0534880012273788
"species",266,266,17.1738090515137,3.8753490447998,33.1754112243652,0.032405998557806
"species",267,267,18.5145397186279,2.7142219543457,31.6231307983398,0.964940011501312
"species",268,268,17.5816402435303,2.96124410629272,32.9503707885742,0.0831149965524673
"species",269,269,17.6029396057129,2.91765189170837,32.9227714538574,0.082507997751236
"species",270,270,17.5141296386719,3.06211304664612,33.0997581481934,0.0429820008575916
"species",271,271,17.4315490722656,3.26499700546265,33.139331817627,0.037482000887394
"species",272,272,17.4096202850342,3.42894601821899,33.1745796203613,0.0379649996757507
"species",273,273,18.0999908447266,2.51374411582947,28.9641094207764,0.0825039967894554
"species",274,274,17.5301704406738,3.11887407302856,33.1687698364258,0.0398489981889725
"species",275,275,17.6257991790771,2.85384297370911,33.1683082580566,0.0396559983491898
"species",276,276,18.2295207977295,2.0806930065155,28.89794921875,0.119300000369549
"species",277,277,17.432149887085,3.64334607124329,32.5054512023926,0.00580700021237135
"species",278,278,17.4170799255371,3.70465707778931,32.2966918945312,0.00349200004711747
"species",279,279,18.3575897216797,1.83768105506897,28.506010055542,0.200588002800941
"species",280,280,17.9489307403564,2.4425060749054,29.7986602783203,0.00286199990659952
"species",281,281,18.0276298522949,2.28912496566772,29.2412796020508,0.00246199988760054
"species",282,282,17.7362194061279,2.75387501716614,30.8177394866943,0.000452000007499009
"species",283,283,17.9192504882812,2.49796009063721,30.2958297729492,0.00181000004522502
"species",284,284,18.2073707580566,1.75372004508972,21.625919342041,0.00542399985715747
"species",285,285,18.2304306030273,1.97409105300903,27.3981704711914,0.00176400004420429
"species",286,286,18.2024898529053,2.02124404907227,28.3743896484375,0.00222999998368323
"species",287,287,18.2650508880615,1.96705305576324,27.6533107757568,0.000927000015508384
"species",288,288,18.3862705230713,1.81502902507782,24.5791206359863,0.000897000019904226
"species",289,289,18.3354301452637,1.88164103031158,26.5024890899658,0.000592000025790185
"species",290,290,18.9106101989746,1.58499801158905,19.7322406768799,0.0165369994938374
"species",291,291,25.9825496673584,8.67720890045166,32.0110015869141,0.0578829981386662
"species",292,292,25.9659805297852,8.71978187561035,32.0359306335449,0.067783996462822
"species",293,293,18.5897693634033,1.46692001819611,20.8168792724609,0.0418750010430813
"species",294,294,25.9674301147461,4.18693590164185,27.6957397460938,1.22430801391602
"species",295,295,25.998649597168,4.1559100151062,27.7492408752441,1.16639494895935
"species",296,296,24.5733795166016,2.92439603805542,27.3156890869141,0.0919170007109642
"species",297,297,26.7563705444336,11.938159942627,33.504940032959,0.000682000012602657
"species",298,298,27.286600112915,13.6405096054077,33.6268310546875,0.0281980000436306
"species",299,299,27.1846694946289,13.598219871521,33.6095199584961,0.0230429992079735
"species",300,300,28.1077899932861,17.0735607147217,34.1532897949219,0.0234820004552603
"species",301,301,27.0161209106445,13.7617998123169,33.4504814147949,0.0499729998409748
"species",302,302,27.1662406921387,12.4712400436401,33.1786193847656,0.183669000864029
"species",303,303,26.8278007507324,13.2540502548218,33.1053314208984,0.397877007722855
"species",304,304,26.5725593566895,15.900050163269,34.0793991088867,0.0557809993624687
"species",305,305,24.2426109313965,12.8118495941162,33.6213111877441,0.147352993488312
"species",306,306,24.1474895477295,12.6787395477295,33.5916900634766,0.124047003686428
"species",307,307,24.1931800842285,12.707070350647,33.5798683166504,0.108213998377323
"species",308,308,24.0727291107178,12.5264196395874,33.5913391113281,0.0781309977173805
"species",309,309,24.0103302001953,12.3985795974731,33.5840492248535,0.0659580007195473
"species",310,310,23.9231090545654,12.2063398361206,33.5961494445801,0.0531460009515285
"species",311,311,23.8914909362793,12.1095600128174,33.5387191772461,0.0538990013301373
"species",312,312,23.8331203460693,11.9319295883179,33.5873107910156,0.0552649982273579
"species",313,313,23.7723808288574,11.7531003952026,33.533260345459,0.0548770017921925
"species",314,314,23.857759475708,7.11112213134766,33.061408996582,0.0589039996266365
