"species","x","y","e08.SST.max","e09.SST.min","e07.SAL.me","e03.NIT.max","e04.NIT.min","e05.PHO.max","e06.PHO.min"
"species",1,1,26.8527908325195,24.1766796112061,35.0373191833496,0.000763999996706843,0,0.334360986948013,0.315167009830475
"species",2,2,11.8654899597168,5.33868980407715,30.5164794921875,6.65969705581665,0.0600880011916161,0.752915024757385,0.152276992797852
"species",3,3,12.555890083313,5.15579223632812,26.9876003265381,6.52806997299194,2.27376008033752,0.712303996086121,0.0153310000896454
"species",4,4,13.0290298461914,5.17049980163574,28.7571697235107,6.28735494613647,1.32968699932098,0.717160999774933,0.0422610007226467
"species",5,5,13.7770900726318,4.68000507354736,28.2886199951172,6.43084812164307,2.14923405647278,0.704123020172119,0.0207640007138252
"species",6,6,14.582480430603,6.04129981994629,30.7875709533691,5.69309997558594,0.0153540000319481,0.714949011802673,0.191085994243622
"species",7,7,14.2481498718262,4.99651193618774,29.3291702270508,5.48629713058472,0.477113008499146,0.659385979175568,0.065140001475811
"species",8,8,13.2128896713257,5.59897422790527,28.5097198486328,4.8193941116333,0.747430980205536,0.632386982440948,0.084196999669075
"species",9,9,12.7993497848511,5.92808198928833,28.9670906066895,4.00297403335571,0.36217200756073,0.579771995544434,0.0937919989228249
"species",10,10,14.0999298095703,6.50768089294434,31.0125293731689,3.93533205986023,0.265444993972778,0.570483028888702,0.225894004106522
"species",11,11,14.0206804275513,7.40806007385254,31.4691295623779,3.94781494140625,0.0385110005736351,0.581721007823944,0.270823001861572
"species",12,12,13.9845104217529,6.36378908157349,30.9566707611084,3.85904407501221,0.40913599729538,0.564731001853943,0.230254992842674
"species",13,13,14.0849895477295,6.70499420166016,30.9862003326416,3.6584849357605,0.228330999612808,0.548865020275116,0.228400006890297
"species",14,14,14.2162399291992,6.38747596740723,30.9173107147217,3.76810002326965,0.394428998231888,0.557597994804382,0.239019006490707
"species",15,15,14.2532501220703,6.36073017120361,30.9162902832031,3.7547550201416,0.45592400431633,0.554772019386292,0.236294999718666
"species",16,16,13.9431600570679,7.37165784835815,31.205940246582,3.91433191299438,0.144391998648643,0.583234012126923,0.296871989965439
"species",17,17,13.8193798065186,6.75050401687622,30.7491798400879,3.57411789894104,0.240860998630524,0.541115999221802,0.22681699693203
"species",18,18,13.8358001708984,7.29280519485474,31.0766201019287,3.86553406715393,0.157661005854607,0.579501986503601,0.296472996473312
"species",19,19,13.8887395858765,7.26374387741089,30.9941101074219,3.86043310165405,0.161622002720833,0.578797996044159,0.293222993612289
"species",20,20,13.7993497848511,7.22985982894897,30.9557094573975,3.86053395271301,0.16193799674511,0.578684985637665,0.292102009057999
"species",21,21,13.804030418396,7.20456314086914,30.8638191223145,3.86336803436279,0.161035999655724,0.578985989093781,0.291712999343872
"species",22,22,13.9610500335693,7.26204681396484,30.7705097198486,3.86306810379028,0.16381099820137,0.579117000102997,0.289025008678436
"species",23,23,13.8941602706909,7.22432804107666,30.7170104980469,3.86527609825134,0.154567003250122,0.579990029335022,0.288520008325577
"species",24,24,14.0150499343872,7.25879096984863,30.7443599700928,3.91284608840942,0.161963999271393,0.583175003528595,0.28320500254631
"species",25,25,14.0163698196411,7.24326610565186,30.7288093566895,3.96186494827271,0.17765000462532,0.585730016231537,0.279619008302689
"species",26,26,13.9136600494385,7.20061492919922,30.7351703643799,3.95420098304749,0.177079007029533,0.585106015205383,0.28031399846077
"species",27,27,14.1111402511597,7.25879192352295,30.2866306304932,4.08715915679932,0.195714995265007,0.593713998794556,0.271865993738174
"species",28,28,14.0515804290771,7.13506984710693,30.3141899108887,4.07615613937378,0.196261003613472,0.593671977519989,0.271981000900269
"species",29,29,14.1289396286011,7.25388383865356,30.2062301635742,3.99306201934814,0.179296001791954,0.589780986309052,0.273360997438431
"species",30,30,14.1312398910522,7.18374395370483,30.1094207763672,3.94879508018494,0.204674005508423,0.584986984729767,0.270312011241913
"species",31,31,14.0548896789551,7.18970918655396,29.9854793548584,3.85622596740723,0.224873006343842,0.576295018196106,0.264041006565094
"species",32,32,13.8973598480225,7.34847497940063,30.0146102905273,3.54707598686218,0.194114997982979,0.556182980537415,0.253553986549377
"species",33,33,12.7168703079224,6.72894096374512,27.7529792785645,4.99658918380737,0.387798011302948,0.338304996490479,0.00237799994647503
"species",34,34,13.0374898910522,6.68585205078125,27.5361099243164,4.42123079299927,0.428712993860245,0.775789022445679,0.236201003193855
"species",35,35,13.7437601089478,7.4832878112793,29.7775402069092,3.32539200782776,0.0551230013370514,0.557873010635376,0.289503991603851
"species",36,36,13.6624898910522,7.55874395370483,29.6199798583984,3.47721290588379,0.0499739982187748,0.573949992656708,0.297601997852325
"species",37,37,13.6564798355103,7.49436378479004,29.5891895294189,3.48434591293335,0.0923089981079102,0.575007021427155,0.293287009000778
"species",38,38,13.5374898910522,7.47374391555786,29.3220806121826,3.56283092498779,0.0939970016479492,0.589161992073059,0.302536010742188
"species",39,39,15.6284599304199,6.70173501968384,25.4136600494385,1.67219197750092,0.35664901137352,2.00288105010986,0.869817972183228
"species",40,40,15.871509552002,6.72090005874634,25.4125900268555,1.66238796710968,0.352506011724472,2.00016689300537,0.869228005409241
"species",41,41,13.6022500991821,7.43002700805664,29.0448093414307,3.5711350440979,0.095891997218132,0.59519100189209,0.309213995933533
"species",42,42,13.6792802810669,7.40145206451416,29.1018505096436,3.56548690795898,0.0991559997200966,0.593078970909119,0.306881010532379
"species",43,43,13.3934698104858,7.51031017303467,28.9549503326416,3.581209897995,0.0850799977779388,0.59984302520752,0.315283000469208
"species",44,44,13.583740234375,7.38624382019043,29.0220394134521,3.57344603538513,0.088527999818325,0.597335994243622,0.312804996967316
"species",45,45,13.2854995727539,7.47826099395752,28.7193393707275,3.59904909133911,0.0688690021634102,0.609300017356873,0.32947900891304
"species",46,46,15.9626598358154,6.70028305053711,25.5115203857422,1.67228603363037,0.353857010602951,2.00529098510742,0.871581971645355
"species",47,47,16.9487400054932,6.81374406814575,25.3924293518066,1.50697302818298,0.296299010515213,1.98358595371246,0.884105026721954
"species",48,48,13.5607404708862,7.4049220085144,28.6800003051758,3.58924698829651,0.0805800035595894,0.605938017368317,0.325475990772247
"species",49,49,17.4854393005371,6.78698587417603,25.2998104095459,1.18794703483582,0.181968003511429,1.8942619562149,0.879056990146637
"species",50,50,16.7537403106689,6.71499395370483,25.5300407409668,1.67114305496216,0.353527009487152,2.01809310913086,0.881569981575012
"species",51,51,17.6087703704834,6.76079320907593,25.1292095184326,1.09352600574493,0.145315006375313,1.82335305213928,0.851144015789032
"species",52,52,16.9442405700684,6.72847700119019,25.5378608703613,1.57660794258118,0.315524995326996,2.00271606445312,0.885784983634949
"species",53,53,13.4257698059082,7.72915887832642,28.0427207946777,3.78678297996521,0.0511000007390976,0.826426029205322,0.378978997468948
"species",54,54,12.8166799545288,7.62355184555054,27.3802890777588,3.73179697990417,0.0319509990513325,0.910800993442535,0.426432013511658
"species",55,55,17.7164306640625,6.72207307815552,25.3455390930176,1.09141004085541,0.13824500143528,1.811802983284,0.854596018791199
"species",56,56,13.9399499893188,7.78772878646851,29.3808002471924,4.25457286834717,0.197061002254486,0.769832015037537,0.311670988798141
"species",57,57,17.6954097747803,6.68945217132568,25.5111408233643,1.16426301002502,0.179306000471115,1.87158203125,0.887960016727448
"species",58,58,11.8876304626465,7.42215585708618,26.6901397705078,3.71041011810303,0.0768909975886345,0.973304986953735,0.470670998096466
"species",59,59,13.914529800415,9.42865753173828,31.9832096099854,10.5562896728516,0.618004024028778,1.12158405780792,0.220672994852066
"species",60,60,11.8293800354004,7.40714597702026,26.6095104217529,3.70111489295959,0.0837699994444847,1.00053799152374,0.481346011161804
"species",61,61,17.9010200500488,6.64506006240845,25.5865497589111,1.14589905738831,0.157279998064041,1.79098701477051,0.865257024765015
"species",62,62,13.9724903106689,9.36624336242676,31.7572193145752,9.74825477600098,0.475335985422134,1.06262505054474,0.192769005894661
"species",63,63,14.3312397003174,7.79749393463135,29.6813697814941,4.74684381484985,0.252878993749619,0.754206001758575,0.273353010416031
"species",64,64,17.9874897003174,6.64624404907227,25.5590896606445,1.15943801403046,0.145677000284195,1.7717250585556,0.860737025737762
"species",65,65,14.1583099365234,9.38958358764648,31.7720203399658,9.93389797210693,0.501055002212524,1.07440495491028,0.189241006970406
"species",66,66,17.9985198974609,6.5786280632019,25.7037906646729,1.1681079864502,0.154063001275063,1.77599704265594,0.867133021354675
"species",67,67,13.0577802658081,9.34294319152832,32.7366714477539,15.3766899108887,3.53232002258301,1.47774994373322,0.553277015686035
"species",68,68,13.3873796463013,9.78902053833008,32.8399505615234,14.9039897918701,4.14415884017944,1.46815896034241,0.60854697227478
"species",69,69,13.0727996826172,9.34298706054688,32.7526206970215,15.58607006073,3.67893695831299,1.49698495864868,0.566578984260559
"species",70,70,13.4708404541016,9.83218193054199,32.8387603759766,14.6572999954224,3.94903898239136,1.45700895786285,0.596747994422913
"species",71,71,17.7549896240234,6.5511269569397,25.750659942627,1.18754303455353,0.200602993369102,1.81941401958466,0.871360003948212
"species",72,72,17.8233509063721,6.55205583572388,25.7536392211914,1.19833600521088,0.210795998573303,1.7950199842453,0.861064970493317
"species",73,73,13.2320699691772,9.45181369781494,32.7723388671875,15.541069984436,3.77623105049133,1.49709796905518,0.576919972896576
"species",74,74,11.6667499542236,7.3271861076355,26.0767593383789,3.71452593803406,0.0454009994864464,1.04677903652191,0.508735001087189
"species",75,75,13.5262403488159,9.78124332427979,32.8317909240723,14.5804901123047,3.87536311149597,1.46152901649475,0.596149027347565
"species",76,76,17.8694095611572,6.51697015762329,25.7515506744385,1.19005298614502,0.195977002382278,1.79296600818634,0.863749027252197
"species",77,77,14.3069000244141,9.11921787261963,31.2518100738525,8.43371963500977,0.438573002815247,0.955300986766815,0.111435003578663
"species",78,78,14.5787801742554,9.04961013793945,30.7856407165527,7.10973405838013,0.615019977092743,0.843138992786407,0.0954139977693558
"species",79,79,14.8828401565552,8.1012487411499,25.7819805145264,6.53243923187256,1.15638697147369,0.557682991027832,0.0560790002346039
"species",80,80,18.0101795196533,6.4302830696106,25.6595802307129,1.37091195583344,0.136254996061325,1.70809602737427,0.870541989803314
"species",81,81,14.8192195892334,8.03835678100586,25.7520904541016,6.47284412384033,1.13080894947052,0.563943028450012,0.0659869983792305
"species",82,82,15.152979850769,8.81049156188965,28.6393795013428,4.86581707000732,0.574958980083466,0.606032013893127,0.019845999777317
"species",83,83,15.1076698303223,8.54343700408936,26.7175006866455,5.53483200073242,0.747766017913818,0.571156024932861,0.0122520001605153
"species",84,84,17.590389251709,6.45088911056519,25.7375507354736,1.18534696102142,0.184870004653931,1.78958594799042,0.8646320104599
"species",85,85,18.0748195648193,6.36590480804443,25.7231197357178,1.4786479473114,0.139070004224777,1.68022000789642,0.866415023803711
"species",86,86,17.8376598358154,6.39746999740601,25.7054691314697,1.60689198970795,0.133126005530357,1.64984595775604,0.853645026683807
"species",87,87,11.5340003967285,7.25871992111206,25.4908504486084,3.63037395477295,0.0623699985444546,1.08429205417633,0.538841009140015
"species",88,88,11.6452198028564,7.25074577331543,25.3357601165771,3.63737201690674,0.073513999581337,1.09435105323792,0.543199002742767
"species",89,89,18.0738506317139,6.35446119308472,25.7410202026367,1.57725203037262,0.135819002985954,1.66591095924377,0.864730000495911
"species",90,90,17.8323402404785,6.38691902160645,25.7152500152588,1.69719195365906,0.131513997912407,1.63355195522308,0.850763022899628
"species",91,91,17.8812408447266,6.35249376296997,25.7241191864014,1.80551302433014,0.142783001065254,1.61255097389221,0.845781981945038
"species",92,92,17.4983406066895,6.43544101715088,25.6665592193604,1.88328695297241,0.139081001281738,1.5837390422821,0.830582976341248
"species",93,93,11.2699899673462,7.29749393463135,25.2208309173584,3.63834190368652,0.0757919996976852,1.0973299741745,0.544641017913818
"species",94,94,18.137809753418,6.31373500823975,25.7923698425293,1.67638301849365,0.157743006944656,1.65657794475555,0.867075026035309
"species",95,95,16.8174896240234,6.55624389648438,25.624210357666,2.01221609115601,0.138717994093895,1.54339396953583,0.81324702501297
"species",96,96,12.872859954834,7.10393476486206,25.2525100708008,3.32752108573914,0.086497999727726,1.19860005378723,0.623582005500793
"species",97,97,16.1869201660156,6.67355489730835,25.6153202056885,2.11114192008972,0.153465002775192,1.52053201198578,0.808775007724762
"species",98,98,13.7206201553345,7.01584005355835,25.3981094360352,3.10071492195129,0.102914996445179,1.27084600925446,0.675128996372223
"species",99,99,16.9554100036621,6.54900979995728,25.6113796234131,2.05282211303711,0.175659000873566,1.54340302944183,0.819383978843689
"species",100,100,14.1586103439331,6.96473121643066,25.4975605010986,2.50551199913025,0.133128002285957,1.42175900936127,0.766157984733582
"species",101,101,11.4312400817871,7.26749420166016,25.1797409057617,3.66145491600037,0.0890479981899261,1.1485550403595,0.577904999256134
"species",102,102,13.3549900054932,7.06874418258667,25.4735908508301,3.04427695274353,0.106751002371311,1.3002849817276,0.698172986507416
"species",103,103,12.2372999191284,7.17620897293091,25.2622604370117,3.34265089035034,0.0961249992251396,1.23916697502136,0.652400016784668
"species",104,104,18.0649700164795,6.22828912734985,25.8741493225098,1.94294595718384,0.29119199514389,1.62943494319916,0.869279026985168
"species",105,105,17.7902908325195,6.33338022232056,25.9449596405029,2.05406093597412,0.32592898607254,1.607293009758,0.863027989864349
"species",106,106,17.7429790496826,6.34589099884033,25.8950500488281,2.05927491188049,0.316926002502441,1.6022230386734,0.860605001449585
"species",107,107,13.021240234375,7.11999416351318,25.4830799102783,2.96260690689087,0.109514996409416,1.32683503627777,0.719972014427185
"species",108,108,11.6177196502686,7.22327423095703,25.162130355835,3.93184804916382,0.100814998149872,1.1752849817276,0.591086983680725
"species",109,109,16.2215099334717,6.70812082290649,25.7663898468018,2.32145094871521,0.304071009159088,1.50807905197144,0.818728029727936
"species",110,110,12.5289602279663,7.13766384124756,25.4475402832031,3.19482898712158,0.104042999446392,1.28917396068573,0.693306982517242
"species",111,111,12.2893295288086,7.15378999710083,25.3351993560791,3.4907341003418,0.100124999880791,1.24056303501129,0.653735995292664
"species",112,112,11.6785402297974,7.18680095672607,25.201000213623,4.04354000091553,0.102907001972198,1.17305302619934,0.585860013961792
"species",113,113,12.5344696044922,7.13385915756226,25.4500293731689,3.25569891929626,0.105189003050327,1.28494203090668,0.691676020622253
"species",114,114,12.3199300765991,7.14600992202759,25.3357696533203,3.61929297447205,0.1058129966259,1.23670601844788,0.650234997272491
"species",115,115,13.1254901885986,7.09643983840942,25.4601497650146,3.08091998100281,0.108903996646404,1.31798195838928,0.716476023197174
"species",116,116,13.7070798873901,7.30024099349976,24.3945693969727,6.81076192855835,0.346289992332458,1.11787605285645,0.385340988636017
"species",117,117,13.4659204483032,7.06791687011719,25.5497207641602,2.94502401351929,0.118222996592522,1.34266304969788,0.734221994876862
"species",118,118,15.8988199234009,6.77860593795776,25.75465965271,2.42931699752808,0.216679006814957,1.46085798740387,0.797457993030548
"species",119,119,13.1978702545166,7.1891770362854,24.2267608642578,6.8640079498291,0.353307992219925,1.11771905422211,0.381323009729385
"species",120,120,13.4529399871826,7.06679010391235,25.5329093933105,3.05429697036743,0.126160994172096,1.32158505916595,0.717185020446777
"species",121,121,15.7956495285034,6.79113388061523,25.7428798675537,2.43676805496216,0.207249000668526,1.45682799816132,0.795521974563599
"species",122,122,14.4439496994019,6.99046993255615,25.6290607452393,2.64861702919006,0.139563992619514,1.39317297935486,0.761353015899658
"species",123,123,12.1222095489502,7.0904369354248,24.8026103973389,5.72638416290283,0.159360006451607,1.12938499450684,0.524073004722595
"species",124,124,13.8462800979614,7.37166404724121,24.8588409423828,7.75424480438232,0.454916000366211,1.12966299057007,0.349757999181747
"species",125,125,13.4681701660156,7.05828285217285,25.5227508544922,3.11613988876343,0.132018998265266,1.30500304698944,0.704418003559113
"species",126,126,13.8437404632568,7.37027502059937,24.2494792938232,7.77202320098877,0.457361996173859,1.13003396987915,0.34918001294136
"species",127,127,13.7433795928955,7.28486776351929,24.2114105224609,7.86311101913452,0.471242010593414,1.13188505172729,0.345228999853134
"species",128,128,13.6904096603394,7.24832677841187,24.1948509216309,7.90233182907104,0.477286994457245,1.1327029466629,0.343540996313095
"species",129,129,14.8850698471069,10.700119972229,31.7931098937988,12.9034204483032,6.05055379867554,1.34926605224609,0.710116028785706
"species",130,130,13.5179996490479,7.04545879364014,25.3537197113037,3.0740659236908,0.130676001310349,1.31633102893829,0.711700975894928
"species",131,131,13.117259979248,7.06344604492188,25.1861801147461,3.42539310455322,0.134228006005287,1.2718859910965,0.678897976875305
"species",132,132,13.7649602890015,7.31319808959961,24.2199192047119,7.86385917663574,0.470753997564316,1.13191902637482,0.345580995082855
"species",133,133,13.6934404373169,7.24015617370605,24.1893692016602,7.94741916656494,0.483200013637543,1.13366305828094,0.342148989439011
"species",134,134,14.8340396881104,10.482780456543,32.0121383666992,13.8700704574585,6.26886510848999,1.41538000106812,0.728812992572784
"species",135,135,13.6274499893188,7.20698881149292,24.1626892089844,8.55932235717773,0.540638983249664,1.13742995262146,0.317739993333817
"species",136,136,12.8955698013306,7.01365518569946,24.0191802978516,9.17302989959717,0.627424001693726,1.15649402141571,0.307967990636826
"species",137,137,14.8598299026489,10.5030097961426,31.9675102233887,13.8007698059082,6.23830699920654,1.41015303134918,0.727443993091583
"species",138,138,17.1911296844482,12.0530796051025,33.403938293457,9.52180957794189,2.44229698181152,1.1079820394516,0.589996993541718
"species",139,139,18.613109588623,12.8995399475098,33.4476585388184,8.94990825653076,2.04565501213074,1.07888495922089,0.577225983142853
"species",140,140,18.6062393188477,12.8687400817871,33.4438781738281,9.60021305084229,2.54736709594727,1.12526094913483,0.609566986560822
"species",141,141,18.7784194946289,12.9803800582886,33.4511299133301,8.97611618041992,2.11929488182068,1.08472800254822,0.583092987537384
"species",142,142,18.5781307220459,12.8317499160767,33.4450492858887,9.56745624542236,2.58279991149902,1.1289050579071,0.613730013370514
"species",143,143,18.348840713501,13.2924900054932,33.4549293518066,4.26368808746338,0.715276002883911,0.735804975032806,0.473486989736557
"species",144,144,19.0713806152344,13.181170463562,33.4527702331543,8.90909385681152,2.27555704116821,1.08909797668457,0.595116972923279
"species",145,145,19.029670715332,13.1577100753784,33.4479904174805,9.06307125091553,2.3729419708252,1.10112905502319,0.602128028869629
"species",146,146,20.1325397491455,14.2622003555298,33.4656715393066,3.51279807090759,0.402529001235962,0.684616029262543,0.458929985761642
"species",147,147,20.5125007629395,14.1494102478027,33.4575996398926,5.53909206390381,1.03357005119324,0.835515022277832,0.519652009010315
"species",148,148,20.2688694000244,14.2317399978638,33.4669914245605,3.74643111228943,0.457008987665176,0.701296985149384,0.466524988412857
"species",149,149,20.4697895050049,14.1101198196411,33.4524307250977,6.09746408462524,1.30937695503235,0.88170200586319,0.54279100894928
"species",150,150,20.5466709136963,14.1476097106934,33.450569152832,6.15502595901489,1.35770797729492,0.887000024318695,0.547227025032043
"species",151,151,20.1838703155518,13.9212799072266,33.4339981079102,7.7627649307251,2.30528807640076,1.01871001720428,0.615867972373962
"species",152,152,20.5969390869141,14.2114295959473,33.451229095459,5.52292203903198,1.16488194465637,0.840071976184845,0.533236980438232
"species",153,153,20.4221000671387,14.0677700042725,33.4364395141602,7.15193176269531,2.02080202102661,0.975391983985901,0.600189983844757
"species",154,154,20.9042701721191,15.933910369873,33.484920501709,0.703723013401031,0.0324489995837212,0.421896994113922,0.360715001821518
"species",155,155,20.528980255127,14.1375198364258,33.437629699707,6.9431209564209,1.91911602020264,0.960928976535797,0.594319999217987
"species",156,156,20.7694702148438,14.2226104736328,33.4365310668945,6.01942205429077,1.51646900177002,0.892493009567261,0.568745970726013
"species",157,157,20.9885101318359,14.330849647522,33.43701171875,6.00278997421265,1.51593196392059,0.89054000377655,0.569271981716156
"species",158,158,21.0809097290039,14.3561201095581,33.4216194152832,5.69866418838501,1.40525102615356,0.865116000175476,0.560936987400055
"species",159,159,21.2580299377441,14.4805402755737,33.2519607543945,5.59683513641357,1.24902200698853,0.849097013473511,0.556048989295959
"species",160,160,21.1644191741943,14.4718198776245,33.2354698181152,5.59124803543091,1.20034396648407,0.848783016204834,0.554692983627319
"species",161,161,21.2866992950439,14.4530897140503,33.2818717956543,5.582444190979,1.30550396442413,0.847590029239655,0.557931005954742
"species",162,162,20.751859664917,14.4989700317383,33.1657981872559,5.46288013458252,0.995651006698608,0.840699970722198,0.543718993663788
"species",163,163,20.9471492767334,14.4232702255249,33.1959609985352,5.58836603164673,1.11549997329712,0.849731028079987,0.550884008407593
"species",164,164,20.9239101409912,14.5148897171021,33.1775703430176,5.59105205535889,1.10357904434204,0.850292026996613,0.550629019737244
"species",165,165,20.6057090759277,14.4235000610352,33.1847190856934,5.46235704421997,0.972891986370087,0.840157985687256,0.541212022304535
"species",166,166,20.7131004333496,14.5229301452637,33.2250099182129,5.44230604171753,0.954200029373169,0.838478982448578,0.539481997489929
"species",167,167,20.5693798065186,14.4533996582031,33.2670707702637,5.43563604354858,0.918631970882416,0.836468994617462,0.533464014530182
"species",168,168,20.4054298400879,14.8849802017212,33.4512214660645,4.7823657989502,0.350389003753662,0.788595020771027,0.485612988471985
"species",169,169,20.447790145874,14.4851198196411,33.284839630127,5.48733806610107,0.91786801815033,0.839084029197693,0.531126976013184
"species",170,170,20.3671207427979,14.4972801208496,33.3543586730957,5.64019823074341,0.85718697309494,0.849653005599976,0.524752020835876
"species",171,171,20.3345203399658,14.537579536438,33.3876609802246,5.70682001113892,0.860836982727051,0.854625999927521,0.52477902173996
"species",172,172,20.2878704071045,14.5676803588867,33.4328498840332,6.2608380317688,0.855859994888306,0.89895498752594,0.524613976478577
"species",173,173,20.2087707519531,14.5491895675659,33.4399299621582,6.47616100311279,0.892673015594482,0.916074991226196,0.527565002441406
"species",174,174,20.2678203582764,14.5045700073242,33.4166717529297,6.19723606109619,0.88968300819397,0.893468976020813,0.526682019233704
"species",175,175,20.0923690795898,14.4962100982666,33.4488410949707,6.50061082839966,0.878480017185211,0.920233011245728,0.527019023895264
"species",176,176,20.201789855957,14.4904003143311,33.4313316345215,6.35599803924561,0.874346971511841,0.906579971313477,0.525958001613617
"species",177,177,19.883020401001,14.3335599899292,33.454719543457,6.25683307647705,0.832825005054474,0.906925022602081,0.524604022502899
"species",178,178,19.8151702880859,14.2733001708984,33.4662895202637,6.03947877883911,0.79152500629425,0.894006013870239,0.522189974784851
"species",179,179,19.8077697753906,14.1463098526001,33.4727592468262,5.61728715896606,0.596578001976013,0.864728987216949,0.510587990283966
"species",180,180,19.9453601837158,14.211199760437,33.4765205383301,5.8006010055542,0.546719014644623,0.883010029792786,0.51773202419281
"species",181,181,20.063289642334,14.3810501098633,33.4652786254883,5.86317920684814,0.555862009525299,0.887813985347748,0.519608020782471
"species",182,182,19.8152294158936,14.294469833374,33.4248504638672,5.2193169593811,0.300790011882782,0.849475979804993,0.52344799041748
"species",183,183,21.9112606048584,15.5119199752808,33.6203804016113,0.645181000232697,0.00215000007301569,0.602880001068115,0.501564979553223
"species",184,184,21.9444198608398,15.5292997360229,33.6209106445312,0.627781987190247,0.00118699995800853,0.609854996204376,0.51045298576355
"species",185,185,21.646369934082,15.4585800170898,33.5686988830566,0.866648972034454,0.00152199994772673,0.590994000434875,0.489688992500305
"species",186,186,21.9992809295654,15.5606203079224,33.6202087402344,0.624182999134064,0.00105800002347678,0.610620975494385,0.51161801815033
"species",187,187,22.4970397949219,15.3975200653076,33.6585083007812,0.944163024425507,0.00227800011634827,0.634554028511047,0.525355994701385
"species",188,188,22.6562404632568,14.9787397384644,33.6651802062988,1.13103294372559,0.00262199994176626,0.648298978805542,0.530496001243591
"species",189,189,21.4179000854492,15.0444202423096,33.5350303649902,2.63320207595825,0.00820599962025881,0.706990003585815,0.523331999778748
"species",190,190,21.505729675293,15.1443395614624,33.5359306335449,2.5389289855957,0.00606299983337522,0.704487025737762,0.524810016155243
"species",191,191,23.6560897827148,15.3891401290894,33.7994804382324,2.01127696037292,0.000413000001572073,0.722434997558594,0.543910026550293
"species",192,192,22.7417907714844,16.0578498840332,33.5876502990723,0.98053902387619,0.000103999998827931,0.639267981052399,0.522486984729767
"species",193,193,22.7870597839355,16.0618000030518,33.6077613830566,0.979797005653381,0.000241000001551583,0.639400005340576,0.524231970310211
"species",194,194,22.9455394744873,15.9925899505615,33.6143188476562,1.03450298309326,0.000318000005790964,0.642763018608093,0.525184988975525
"species",195,195,22.9717597961426,15.999119758606,33.6136207580566,1.22097194194794,0.000327999994624406,0.658285021781921,0.528980016708374
"species",196,196,22.9704208374023,15.9948902130127,33.6131401062012,1.23682498931885,0.000325000000884756,0.659358978271484,0.529139995574951
"species",197,197,25.1807804107666,16.0620002746582,33.8980903625488,1.32830595970154,9.99999997475243e-07,0.72480297088623,0.550738990306854
"species",198,198,17.8936805725098,12.9527597427368,35.3287010192871,1.87402200698853,0.0485539995133877,0.156025007367134,0.0189939998090267
"species",199,199,17.8685493469238,12.8781204223633,35.315990447998,1.90575897693634,0.0513279996812344,0.15718699991703,0.0188239999115467
"species",200,200,17.9095802307129,12.8891296386719,35.3406600952148,2.07841300964355,0.0627750009298325,0.164596006274223,0.0175679996609688
"species",201,201,17.9535503387451,12.910849571228,35.3135986328125,2.29094910621643,0.0737539976835251,0.178885996341705,0.0162749998271465
"species",202,202,18.694429397583,13.4115695953369,34.8135795593262,1.37607395648956,0.0526859983801842,0.15862700343132,0.0229170005768538
"species",203,203,18.5068206787109,12.8135004043579,35.6135406494141,1.20373296737671,0.0231340005993843,0.139253005385399,0.0306150000542402
"species",204,204,16.7612400054932,9.67874336242676,35.0451889038086,0.75024402141571,9.99999997475243e-07,0.230329006910324,0.149349004030228
"species",205,205,16.8248901367188,9.64979553222656,35.0354614257812,0.781663000583649,1.99999999495049e-06,0.23293299973011,0.148800998926163
"species",206,206,16.8360805511475,9.6764497756958,35.0309791564941,0.728896021842957,1.99999999495049e-06,0.229384005069733,0.148760005831718
"species",207,207,16.7224807739258,9.60100841522217,35.0145606994629,0.756415009498596,1.99999999495049e-06,0.23139899969101,0.148587003350258
"species",208,208,22.9540596008301,15.1787996292114,35.8145904541016,0.337817013263702,0.0148299997672439,0.140530005097389,0.0656540021300316
"species",209,209,20.3316497802734,12.4795198440552,35.4990081787109,1.02686500549316,0.0160990003496408,0.124762997031212,0.00212799990549684
"species",210,210,20.5713405609131,12.4688501358032,35.4895515441895,0.918290972709656,0.0168880000710487,0.115364000201225,0.000965000013820827
"species",211,211,16.9024906158447,8.14874362945557,33.4314117431641,0.690441012382507,0.00839000009000301,0.192963004112244,0.0428379997611046
"species",212,212,16.6729907989502,8.98821544647217,34.6924095153809,0.83345502614975,0.0686779990792274,0.243615999817848,0.118697002530098
"species",213,213,15.9863901138306,9.67008972167969,35.054988861084,0.444963991641998,0.0622420012950897,0.181841999292374,0.105112001299858
"species",214,214,16.509090423584,8.99353885650635,34.7817802429199,0.857122004032135,0.0724449977278709,0.246448993682861,0.11914599686861
"species",215,215,16.060619354248,9.63571453094482,35.0478210449219,0.436809986829758,0.0657989978790283,0.180511996150017,0.103961996734142
"species",216,216,16.4915599822998,8.98647785186768,34.7879409790039,0.859834015369415,0.074692003428936,0.24694299697876,0.11905600130558
"species",217,217,16.1719703674316,9.57669258117676,35.0440406799316,0.43868499994278,0.0665360018610954,0.180162996053696,0.103509999811649
"species",218,218,21.3416690826416,12.3681898117065,35.3089790344238,1.59420299530029,0.0503109991550446,0.11608599871397,0.000100999997812323
"species",219,219,21.5059299468994,12.3405103683472,35.2501983642578,1.73797798156738,0.0516070015728474,0.116668000817299,0.000110000000859145
"species",220,220,16.7366409301758,8.36382007598877,34.7307815551758,0.641573011875153,0.0279510002583265,0.26308798789978,0.164922997355461
"species",221,221,21.9249897003174,12.2349901199341,35.0557518005371,2.3600480556488,0.102196998894215,0.110444001853466,0.000138000003062189
"species",222,222,17.0025100708008,8.12856483459473,34.6250801086426,0.573819994926453,0.0231490004807711,0.274195998907089,0.175451993942261
"species",223,223,17.6216907501221,8.49884986877441,34.801628112793,0.0908370018005371,4.50000006821938e-05,0.152741000056267,0.0921360030770302
"species",224,224,17.1653499603271,8.02500438690186,34.5983581542969,0.55988597869873,0.0331629998981953,0.286045998334885,0.182888001203537
"species",225,225,22.0896892547607,12.1099100112915,34.9159812927246,2.59756207466125,0.138561993837357,0.106519997119904,0.000123999998322688
"species",226,226,17.3274898529053,7.851243019104,34.6042518615723,0.549319982528687,0.0329600013792515,0.287290990352631,0.183475002646446
"species",227,227,17.3555107116699,7.87559604644775,34.5748405456543,0.572302997112274,0.0492569990456104,0.29985898733139,0.1909009963274
"species",228,228,17.0874900817871,8.8462438583374,34.8161010742188,0.072674997150898,1.99999999495049e-06,0.197740003466606,0.134744003415108
"species",229,229,22.1555194854736,11.9187297821045,34.7336616516113,3.01125502586365,0.24261200428009,0.0982260033488274,0.000113000001874752
"species",230,230,20.2841606140137,9.18927574157715,33.5314102172852,4.27193212509155,1.58806502819061,0.00798300001770258,0.000105999999505002
"species",231,231,17.9952697753906,7.21715021133423,34.290168762207,0.617748975753784,0.0563049986958504,0.32651698589325,0.203424006700516
"species",232,232,18.0566501617432,7.12197780609131,34.174129486084,0.671437978744507,0.0657859966158867,0.341890007257462,0.210609003901482
"species",233,233,18.0234298706055,7.18094301223755,34.1996002197266,0.668743014335632,0.0644899979233742,0.341361999511719,0.21034100651741
"species",234,234,18.0035190582275,7.18874883651733,34.1010093688965,0.688067018985748,0.0655779987573624,0.344850987195969,0.212028995156288
"species",235,235,17.8745708465576,7.83343505859375,34.5113792419434,0.248345002532005,0.0223830007016659,0.249571993947029,0.152418002486229
"species",236,236,18.0365905761719,7.14096784591675,34.0786781311035,0.687481999397278,0.0697740018367767,0.347561001777649,0.212898001074791
"species",237,237,18.0481204986572,7.11896991729736,34.0938911437988,0.677206993103027,0.069471001625061,0.348284006118774,0.212755993008614
"species",238,238,18.012659072876,7.16192483901978,34.0704689025879,0.686258971691132,0.0700500011444092,0.348435997962952,0.213139995932579
"species",239,239,17.9606304168701,7.19464492797852,34.0640602111816,0.666290998458862,0.065090000629425,0.351599007844925,0.213293001055717
"species",240,240,17.5258598327637,7.51105499267578,33.9622192382812,0.60657799243927,0.080315999686718,0.370817005634308,0.216314002871513
"species",241,241,17.2842197418213,7.70219993591309,33.9841003417969,0.51357501745224,0.0603020004928112,0.386426001787186,0.217006996273994
"species",242,242,17.2591495513916,7.65850400924683,33.8930015563965,0.553296029567719,0.0765189975500107,0.44284999370575,0.231386005878448
"species",243,243,18.5035800933838,5.79438304901123,34.0450782775879,2.5241379737854,0.224124997854233,1.25453102588654,0.523033976554871
"species",244,244,18.5638408660889,5.57179880142212,34.0765609741211,2.72058200836182,0.177168995141983,1.33141005039215,0.566268026828766
"species",245,245,18.4174900054932,5.77624416351318,34.0956993103027,1.73812794685364,0.143337994813919,1.08012700080872,0.444088011980057
"species",246,246,18.1599407196045,6.15885400772095,34.123950958252,1.58783102035522,0.130739003419876,1.03136503696442,0.42519399523735
"species",247,247,17.5876998901367,7.01975393295288,34.0540008544922,0.648321986198425,0.0763790011405945,0.526968002319336,0.259061008691788
"species",248,248,18.0199909210205,6.33624410629272,34.1449317932129,0.795723021030426,0.0583299994468689,0.713528990745544,0.30927899479866
"species",249,249,17.6137409210205,7.27874422073364,34.0826606750488,0.569283008575439,0.0124000003561378,0.417928010225296,0.223395004868507
"species",250,250,25.756160736084,12.9933395385742,37.6240386962891,0.515430986881256,0.00856900028884411,0.0560000017285347,0.00466600013896823
"species",251,251,16.2500991821289,4.05398511886597,32.2703399658203,3.00632309913635,0.0534129999577999,0.274735987186432,0.0316849984228611
"species",252,252,16.4277000427246,3.94783091545105,32.0315589904785,3.35874199867249,0.0657560005784035,0.258296996355057,0.0201670005917549
"species",253,253,17.5136394500732,3.46967506408691,30.5302295684814,2.53201699256897,0.105949997901917,0.236827999353409,0.0429349988698959
"species",254,254,17.5281505584717,3.45116400718689,30.3880195617676,2.53250193595886,0.0969260036945343,0.232587993144989,0.0420980006456375
"species",255,255,18.3546504974365,3.77042198181152,32.1724281311035,4.65203905105591,0.392592012882233,0.289436995983124,0.000190000006114133
"species",256,256,17.6203899383545,3.3529269695282,30.3312206268311,2.30370688438416,0.0723399966955185,0.228066995739937,0.0412859991192818
"species",257,257,17.640230178833,3.26183295249939,30.1377201080322,2.22019910812378,0.0653389990329742,0.224962994456291,0.0385399982333183
"species",258,258,17.6308898925781,3.34344792366028,30.2353992462158,2.23699998855591,0.0644169971346855,0.227009996771812,0.0411890000104904
"species",259,259,17.7003707885742,3.21310710906982,32.7716293334961,3.39248108863831,0.105795003473759,0.243959993124008,0.00241900002583861
"species",260,260,17.6887397766113,3.1474940776825,29.9839191436768,2.11583304405212,0.0571100004017353,0.222030997276306,0.0363890007138252
"species",261,261,17.7195796966553,3.1904079914093,29.9575901031494,1.97541797161102,0.0446950010955334,0.219331994652748,0.0344160012900829
"species",262,262,17.4901103973389,3.11409997940063,33.0295791625977,2.59032297134399,0.0686199963092804,0.236908003687859,0.00641399994492531
"species",263,263,17.7653694152832,3.13433909416199,29.9230804443359,1.97130298614502,0.0458859987556934,0.219069004058838,0.033440999686718
"species",264,264,17.4527492523193,3.23804903030396,33.0867195129395,2.46404194831848,0.0528159998357296,0.237188994884491,0.0081369997933507
"species",265,265,17.4727191925049,3.17995190620422,33.0913581848145,2.46342611312866,0.0534880012273788,0.237541005015373,0.00917600002139807
"species",266,266,17.1738090515137,3.8753490447998,33.1754112243652,2.23301291465759,0.032405998557806,0.238527998328209,0.0140060000121593
"species",267,267,18.5145397186279,2.7142219543457,31.6231307983398,8.54408359527588,0.964940011501312,0.346756011247635,0.000380000012228265
"species",268,268,17.5816402435303,2.96124410629272,32.9503707885742,2.79917407035828,0.0831149965524673,0.237931996583939,0.00545800011605024
"species",269,269,17.6029396057129,2.91765189170837,32.9227714538574,2.79451990127563,0.082507997751236,0.237927004694939,0.00552099989727139
"species",270,270,17.5141296386719,3.06211304664612,33.0997581481934,2.31774997711182,0.0429820008575916,0.23760299384594,0.0120510002598166
"species",271,271,17.4315490722656,3.26499700546265,33.139331817627,2.20492506027222,0.037482000887394,0.238161996006966,0.0151509996503592
"species",272,272,17.4096202850342,3.42894601821899,33.1745796203613,2.05638289451599,0.0379649996757507,0.23998199403286,0.0231139995157719
"species",273,273,18.0999908447266,2.51374411582947,28.9641094207764,1.6643899679184,0.0825039967894554,0.208946004509926,0.0131270000711083
"species",274,274,17.5301704406738,3.11887407302856,33.1687698364258,2.09777808189392,0.0398489981889725,0.238602995872498,0.0199800003319979
"species",275,275,17.6257991790771,2.85384297370911,33.1683082580566,2.10165190696716,0.0396559983491898,0.238593995571136,0.0197999998927116
"species",276,276,18.2295207977295,2.0806930065155,28.89794921875,1.7705329656601,0.119300000369549,0.207977995276451,0.00716600008308887
"species",277,277,17.432149887085,3.64334607124329,32.5054512023926,1.76039505004883,0.00580700021237135,0.245288997888565,0.0527190007269382
"species",278,278,17.4170799255371,3.70465707778931,32.2966918945312,1.71933901309967,0.00349200004711747,0.244874000549316,0.0600269995629787
"species",279,279,18.3575897216797,1.83768105506897,28.506010055542,2.36840605735779,0.200588002800941,0.212775006890297,0.00230800011195242
"species",280,280,17.9489307403564,2.4425060749054,29.7986602783203,1.26171600818634,0.00286199990659952,0.249768003821373,0.0974870026111603
"species",281,281,18.0276298522949,2.28912496566772,29.2412796020508,1.2396479845047,0.00246199988760054,0.249524995684624,0.0990220010280609
"species",282,282,17.7362194061279,2.75387501716614,30.8177394866943,1.5272810459137,0.000452000007499009,0.236488997936249,0.0783350020647049
"species",283,283,17.9192504882812,2.49796009063721,30.2958297729492,1.31265199184418,0.00181000004522502,0.247271999716759,0.0916400030255318
"species",284,284,18.2073707580566,1.75372004508972,21.625919342041,0.454881995916367,0.00542399985715747,0.269731998443604,0.174468994140625
"species",285,285,18.2304306030273,1.97409105300903,27.3981704711914,0.98938000202179,0.00176400004420429,0.251594990491867,0.128680005669594
"species",286,286,18.2024898529053,2.02124404907227,28.3743896484375,1.09290194511414,0.00222999998368323,0.250562012195587,0.116371996700764
"species",287,287,18.2650508880615,1.96705305576324,27.6533107757568,1.06538498401642,0.000927000015508384,0.248254999518394,0.117927998304367
"species",288,288,18.3862705230713,1.81502902507782,24.5791206359863,0.671616971492767,0.000897000019904226,0.255849987268448,0.155615001916885
"species",289,289,18.3354301452637,1.88164103031158,26.5024890899658,0.901691973209381,0.000592000025790185,0.251094996929169,0.135066002607346
"species",290,290,18.9106101989746,1.58499801158905,19.7322406768799,0.372839003801346,0.0165369994938374,0.246821001172066,0.156211003661156
"species",291,291,25.9825496673584,8.67720890045166,32.0110015869141,4.34050703048706,0.0578829981386662,0.463865995407104,0.147300004959106
"species",292,292,25.9659805297852,8.71978187561035,32.0359306335449,3.80395793914795,0.067783996462822,0.416866987943649,0.143195003271103
"species",293,293,18.5897693634033,1.46692001819611,20.8168792724609,0.490464985370636,0.0418750010430813,0.221538007259369,0.13476300239563
"species",294,294,25.9674301147461,4.18693590164185,27.6957397460938,17.7664394378662,1.22430801391602,0.0232740007340908,0.00140900001861155
"species",295,295,25.998649597168,4.1559100151062,27.7492408752441,17.6356906890869,1.16639494895935,0.0203760005533695,0.000816999992821366
"species",296,296,24.5733795166016,2.92439603805542,27.3156890869141,5.66302490234375,0.0919170007109642,0.0202859994024038,8.19999986561015e-05
"species",297,297,26.7563705444336,11.938159942627,33.504940032959,1.79651200771332,0.000682000012602657,0.338681012392044,0.0108899995684624
"species",298,298,27.286600112915,13.6405096054077,33.6268310546875,0.389656007289886,0.0281980000436306,0.256164014339447,0.0838190019130707
"species",299,299,27.1846694946289,13.598219871521,33.6095199584961,0.37643900513649,0.0230429992079735,0.255495011806488,0.0851960033178329
"species",300,300,28.1077899932861,17.0735607147217,34.1532897949219,2.66449093818665,0.0234820004552603,0.400041997432709,0.157140001654625
"species",301,301,27.0161209106445,13.7617998123169,33.4504814147949,0.287968009710312,0.0499729998409748,0.278245985507965,0.135397002100945
"species",302,302,27.1662406921387,12.4712400436401,33.1786193847656,0.498995989561081,0.183669000864029,0.477396994829178,0.240285992622375
"species",303,303,26.8278007507324,13.2540502548218,33.1053314208984,1.57299697399139,0.397877007722855,0.801240026950836,0.350923985242844
"species",304,304,26.5725593566895,15.900050163269,34.0793991088867,4.64256906509399,0.0557809993624687,0.540086984634399,0.224794998764992
"species",305,305,24.2426109313965,12.8118495941162,33.6213111877441,3.64556789398193,0.147352993488312,0.473138988018036,0.133834004402161
"species",306,306,24.1474895477295,12.6787395477295,33.5916900634766,3.55255389213562,0.124047003686428,0.466639995574951,0.126061007380486
"species",307,307,24.1931800842285,12.707070350647,33.5798683166504,3.2974579334259,0.108213998377323,0.451018989086151,0.117556996643543
"species",308,308,24.0727291107178,12.5264196395874,33.5913391113281,3.42786598205566,0.0781309977173805,0.456196010112762,0.116065002977848
"species",309,309,24.0103302001953,12.3985795974731,33.5840492248535,3.49825310707092,0.0659580007195473,0.458283007144928,0.116727001965046
"species",310,310,23.9231090545654,12.2063398361206,33.5961494445801,3.49414992332458,0.0531460009515285,0.456041991710663,0.115938000380993
"species",311,311,23.8914909362793,12.1095600128174,33.5387191772461,3.45733404159546,0.0538990013301373,0.453148990869522,0.115137003362179
"species",312,312,23.8331203460693,11.9319295883179,33.5873107910156,3.42597508430481,0.0552649982273579,0.450639009475708,0.113880001008511
"species",313,313,23.7723808288574,11.7531003952026,33.533260345459,3.40658807754517,0.0548770017921925,0.447946012020111,0.112575002014637
"species",314,314,23.857759475708,7.11112213134766,33.061408996582,2.04621911048889,0.0589039996266365,0.341461002826691,0.103742003440857
