FID,latitude,longitude
0,-51.699739999999998,-57.777535999999998
1,-43.116667000000000,147.250000000000000
2,-43.109999999999999,147.270000000000010
3,-43.109999999999999,147.270000000000010
4,-43.109999999999999,147.270000000000010
5,-43.049999999999997,147.316666999999995
6,-43.049999999999997,147.316666999999995
7,-43.049999999999997,147.316666999999995
8,-43.016666999999998,147.283332999999999
9,-43.016666999999998,147.283332999999999
10,-41.066667000000002,174.849999999999994
11,-41.066667000000002,174.849999999999994
12,-41.066667000000002,174.849999999999994
13,-38.270912000000003,145.295510000000007
14,-38.270912000000003,145.295510000000007
15,-38.270912000000003,145.295510000000007
16,-38.263055999999999,144.663889000000012
17,-37.914430000000003,144.995669999999990
18,-37.872000000000000,144.906000000000006
19,-37.679443999999997,174.684444000000013
20,-37.609999999999999,149.710000000000008
21,-37.600000000000001,176.033332999999999
22,-37.561639000000000,175.946138999999988
23,-37.520000000000003,149.780000000000001
24,-37.520000000000003,149.780000000000001
25,-37.328820000000000,139.848403999999988
26,-37.100000000000001,149.916666999999990
27,-37.047499999999999,174.503888999999987
28,-37.045889000000003,174.614111000000008
29,-37.045889000000003,174.614111000000008
30,-37.045889000000003,174.614111000000008
31,-37.045000000000002,174.584305999999998
32,-37.044722000000000,174.575832999999989
33,-37.036667000000001,174.627221999999989
34,-37.011389000000001,174.580556000000001
35,-36.998806000000002,174.603611000000001
36,-36.958888999999999,175.246388999999994
37,-36.885806000000002,174.435694000000012
38,-36.883333000000000,174.933333000000005
39,-36.877499999999998,174.979166999999990
40,-36.873055999999998,174.886944000000000
41,-36.870832999999998,174.899167000000006
42,-36.870753000000001,174.893781999999987
43,-36.863332999999997,174.656666999999999
44,-36.850000000000001,174.833333000000010
45,-36.850000000000001,174.833333000000010
46,-36.849806000000001,174.845193999999992
47,-36.849806000000001,174.845193999999992
48,-36.848332999999997,175.145277999999990
49,-36.848332999999997,174.901943999999986
50,-36.848056000000000,174.861667000000011
51,-36.847510999999997,174.788279999999986
52,-36.846806000000001,174.835111000000012
53,-36.846806000000001,174.835111000000012
54,-36.845278000000000,174.825556000000006
55,-36.842778000000003,174.750555999999989
56,-36.833333000000003,174.783332999999999
57,-36.829166999999998,174.814166999999998
58,-36.828611000000002,174.898055999999997
59,-36.827221999999999,174.708610999999991
60,-36.825679999999998,174.708498999999989
61,-36.819443999999997,174.949444000000000
62,-36.809193999999998,175.026693999999992
63,-36.808805999999997,174.690499999999986
64,-36.808805999999997,174.690499999999986
65,-36.807110999999999,174.862610999999987
66,-36.806944000000001,174.850556000000012
67,-36.790889000000000,175.157194000000004
68,-36.786332999999999,174.795999999999992
69,-36.783611000000001,174.992221999999998
70,-36.781111000000003,174.991388999999998
71,-36.781111000000003,174.991388999999998
72,-36.780000000000001,175.045832999999988
73,-36.777222000000002,174.897777999999988
74,-36.775480000000002,174.896829999999994
75,-36.718305999999998,174.751000000000005
76,-36.704194000000001,174.752111000000014
77,-36.704194000000001,174.752111000000014
78,-36.704194000000001,174.752111000000014
79,-36.700000000000003,175.616667000000007
80,-36.698000000000000,174.757499999999993
81,-36.698000000000000,174.757499999999993
82,-36.698000000000000,174.757499999999993
83,-36.680556000000003,174.748611000000011
84,-36.616999999999997,174.818693999999994
85,-36.616999999999997,174.818693999999994
86,-36.601388999999998,174.805111000000011
87,-36.601388999999998,174.805111000000011
88,-36.583333000000003,175.533332999999999
89,-36.458111000000002,174.764693999999992
90,-36.458111000000002,174.764693999999992
91,-36.458111000000002,174.764693999999992
92,-36.402805999999998,174.375305999999995
93,-36.402805999999998,174.375305999999995
94,-36.316667000000002,175.483332999999988
95,-36.271943999999998,175.504166999999995
96,-36.266666999999998,175.433333000000005
97,-36.259721999999996,174.251666999999998
98,-36.117027999999998,175.374806000000007
99,-35.786794000000000,137.775006999999988
100,-35.786794000000000,137.775006999999988
101,-35.266666999999998,174.133332999999993
102,-35.266666999999998,174.133332999999993
103,-35.262650000000001,174.181800000000010
104,-35.259239999999998,174.184599999999989
105,-35.243889000000003,174.078610999999995
106,-35.232799999999997,174.178830000000005
107,-35.033282999999997,117.891516999999993
108,-35.033267000000002,117.890349999999998
109,-35.033267000000002,117.890349999999998
110,-35.033267000000002,117.890349999999998
111,-35.032882999999998,117.890682999999996
112,-35.032778000000000,117.890277999999995
113,-34.874837999999997,138.490266999999989
114,-34.860833000000000,138.491110999999989
115,-34.830600740000001,20.012800219999999
116,-34.827227999999998,20.017658999999998
117,-34.792892999999999,138.487488000000013
118,-34.787615000000002,138.493876999999998
119,-34.763447999999997,138.488598999999994
120,-34.733333000000002,173.116667000000007
121,-34.707892999999999,138.460542000000004
122,-34.667389000000000,20.230861000000001
123,-34.667000999999999,20.233692999999999
124,-34.628661000000001,19.299776000000001
125,-34.386046000000000,18.830366999999999
126,-34.386046000000000,18.830366999999999
127,-34.383300779999999,18.833299640000000
128,-34.358547000000002,18.474729000000000
129,-34.357778000000003,18.921666999999999
130,-34.349998470000003,18.450000760000002
131,-34.342241000000001,18.452622000000002
132,-34.263905999999999,18.373954999999999
133,-34.263905999999999,18.373954999999999
134,-34.231780000000001,18.477290000000000
135,-34.231639999999999,18.476900000000001
136,-34.194856000000001,18.819575000000000
137,-34.194856000000001,18.819575000000000
138,-34.194856000000001,18.819575000000000
139,-34.194856000000001,18.819575000000000
140,-34.194856000000001,18.819575000000000
141,-34.138928999999997,18.329108000000002
142,-34.138928999999997,18.329108000000002
143,-34.138928999999997,18.329108000000002
144,-34.138928999999997,18.329108000000002
145,-34.138928999999997,18.329108000000002
146,-34.138928999999997,18.329108000000002
147,-34.138928999999997,18.329108000000002
148,-34.138928999999997,18.329108000000002
149,-34.138928999999997,18.329108000000002
150,-34.138928999999997,18.329108000000002
151,-34.138928999999997,18.329108000000002
152,-34.137009999999997,18.322450000000000
153,-34.136229000000000,18.323615000000000
154,-34.136229000000000,18.323615000000000
155,-34.136229000000000,18.323615000000000
156,-34.136229000000000,18.323615000000000
157,-34.133300779999999,18.450000760000002
158,-34.133300779999999,18.299999239999998
159,-34.133300779999999,18.299999239999998
160,-34.133300779999999,18.450000760000002
161,-34.129199980000003,18.450599669999999
162,-34.129199980000003,18.450599669999999
163,-34.128539000000004,18.449178000000000
164,-34.121113999999999,18.457203000000000
165,-34.120939000000000,18.827684999999999
166,-34.120939000000000,18.827684999999999
167,-34.119400020000000,18.459999079999999
168,-34.117812999999998,18.823564999999999
169,-34.098629000000003,18.500999000000000
170,-34.098629000000003,18.500999000000000
171,-34.098629000000003,18.500999000000000
172,-34.098629000000003,18.500999000000000
173,-34.098629000000003,18.500999000000000
174,-34.098629000000003,18.500999000000000
175,-34.098629000000003,18.500999000000000
176,-34.098143000000000,23.376760000000001
177,-34.083333000000003,23.066666999999999
178,-34.082306000000003,22.994561000000001
179,-33.982154000000001,18.359786000000000
180,-33.982154000000001,18.359786000000000
181,-33.950000000000003,25.616667000000000
182,-33.920414999999998,18.378384000000000
183,-33.918233000000001,18.383735000000001
184,-33.918233000000001,18.383735000000001
185,-33.918233000000001,18.383735000000001
186,-33.910310000000003,18.387339999999998
187,-33.904341000000002,18.394123000000000
188,-33.904341000000002,18.394123000000000
189,-33.904341000000002,18.394123000000000
190,-33.904341000000002,18.394123000000000
191,-33.899999999999999,18.399999999999999
192,-33.899273000000001,18.401688000000000
193,-33.859000000000002,151.222000000000008
194,-33.603890000000000,115.104169999999996
195,-33.363300320000000,18.149999619999999
196,-33.344383000000001,18.161570999999999
197,-33.340280000000000,115.641940000000005
198,-33.041173999999998,17.965316000000001
199,-33.005747999999997,17.949694000000001
200,-33.005747999999997,17.949694000000001
201,-32.854162000000002,17.858892999999998
202,-32.806984999999997,17.887236000000001
203,-32.803298949999999,17.883300779999999
204,-32.772123999999998,18.139489999999999
205,-32.763900759999999,18.035600660000000
206,-32.306669999999997,115.710560000000001
207,-32.270471000000001,115.689453999999998
208,-32.096682000000001,18.300374000000001
209,-32.096682000000001,18.300374000000001
210,-31.619897999999999,29.562809000000001
211,-31.050519999999999,30.230740999999998
212,-30.966699599999998,17.655599590000001
213,-30.847778999999999,17.574114000000002
214,-30.404468000000001,31.026098000000001
215,-30.404468000000001,31.026098000000001
216,-30.404468000000001,31.026098000000001
217,-30.404468000000001,31.026098000000001
218,-29.283300400000002,16.878299710000000
219,-29.252782000000000,16.864547999999999
220,-26.636899950000000,15.153300290000001
221,-22.816699979999999,14.542200090000000
222,-20.316699979999999,13.216699600000000
223,33.525278999999998,-79.029820000000001
224,34.182482999999998,-77.813933000000006
225,34.182482999999998,-77.813933000000006
226,34.182482999999998,-77.813933000000006
227,34.207475000000002,-77.790104999999997
228,34.207475000000002,-77.790104999999997
229,34.208350000000003,-77.796916999999993
230,34.212052999999997,-77.792250999999993
231,34.213650000000001,-77.787220000000005
232,34.351300000000002,-77.654110000000003
233,34.351509999999998,-77.654460000000000
234,34.351590000000002,-77.653899999999993
235,34.355674999999998,-77.633377999999993
236,34.372083000000003,-77.625961000000004
237,34.372083000000003,-77.625961000000004
238,34.528998000000001,-77.339349999999996
239,34.695000000000000,-76.674999999999997
240,34.695000000000000,-76.674999999999997
241,34.695000000000000,-76.674999999999997
242,34.696849999999998,-76.675730000000001
243,34.702748000000000,-76.667422000000002
244,34.702748000000000,-76.667422000000002
245,34.704999999999998,-76.678332999999995
246,34.708449999999999,-76.521100000000004
247,34.714883999999998,-76.684931000000006
248,34.714883999999998,-76.684931000000006
249,34.714883999999998,-76.684931000000006
250,34.714883999999998,-76.684931000000006
251,34.714883999999998,-76.684931000000006
252,34.714883999999998,-76.684931000000006
253,34.714883999999998,-76.684931000000006
254,34.715166000000004,-76.684931000000006
255,34.721966999999999,-76.753893000000005
256,36.489060000000002,-4.711590000000000
257,36.748060000000002,-4.055390000000000
258,36.749440000000000,-4.062910000000000
259,37.174999999999997,-7.372000000000000
260,37.804060999999997,-122.256989000000004
261,38.454903000000002,-27.946472000000000
262,38.750000000000000,0.230000000000000
263,38.750000000000000,0.230000000000000
264,38.785122000000001,-75.119232999999994
265,39.809843999999998,-74.182578000000007
266,39.810003999999999,-74.190439999999995
267,39.810965000000003,-74.202662000000004
268,39.834254000000001,-74.089270999999997
269,39.834254000000001,-74.089270999999997
270,40.130001000000000,0.160000000000000
271,40.361499000000002,-73.974025999999995
272,40.361499000000002,-73.974025999999995
273,40.900193999999999,-72.524719000000005
274,40.900193999999999,-72.524719000000005
275,40.937615000000001,-72.571009000000004
276,40.940781000000001,-73.423293999999999
277,40.940781000000001,-73.423293999999999
278,40.945245999999997,-72.499194000000003
279,40.945245999999997,-72.499194000000003
280,40.945245999999997,-72.499194000000003
281,40.945245999999997,-72.499194000000003
282,41.067515999999998,-71.873253000000005
283,41.067515999999998,-71.873253000000005
284,41.067515999999998,-71.873253000000005
285,41.067515999999998,-71.873253000000005
286,41.071204999999999,-71.856600999999998
287,41.071204999999999,-71.856600999999998
288,41.082985000000001,-72.296975000000003
289,41.082985000000001,-72.296975000000003
290,41.082985000000001,-72.296975000000003
291,41.082985000000001,-72.296975000000003
292,41.082985000000001,-72.296975000000003
293,41.082985000000001,-72.296975000000003
294,41.110241000000002,-72.359556999999995
295,41.110241000000002,-72.359556999999995
296,41.111109999999996,-72.191940000000002
297,41.112281799999998,-72.358108520000002
298,41.130443999999997,-72.336305999999993
299,41.130443999999997,-72.336305999999993
300,41.130443999999997,-72.336305999999993
301,41.130443999999997,-72.336305999999993
302,41.148553999999997,-72.283158999999998
303,41.202500000000001,-73.071380000000005
304,41.275402000000000,-70.216684999999998
305,41.277634999999997,-72.315732999999994
306,41.277634999999997,-72.315732999999994
307,41.295524000000000,-72.208472999999998
308,41.295524000000000,-72.208472999999998
309,41.295524000000000,-72.208472999999998
310,41.295524000000000,-72.208472999999998
311,41.295524000000000,-72.208472999999998
312,41.295524000000000,-72.208472999999998
313,41.295524000000000,-72.208472999999998
314,41.295524000000000,-72.208472999999998
315,41.298009000000000,-72.246312000000003
316,41.299016999999999,-72.243544000000000
317,41.299016999999999,-72.243544000000000
318,41.305194999999998,-72.165058999999999
319,41.305194999999998,-72.165058999999999
320,41.305194999999998,-72.165058999999999
321,41.305194999999998,-72.165058999999999
322,41.306038000000001,-72.146134000000004
323,41.306165000000000,-72.145697999999996
324,41.306165000000000,-72.145697999999996
325,41.306261999999997,-72.145826999999997
326,41.308818000000002,-72.148403000000002
327,41.308818000000002,-72.148403000000002
328,41.308866000000002,-72.148414000000002
329,41.308866000000002,-72.148414000000002
330,41.310098000000004,-72.145354999999995
331,41.310098000000004,-72.145354999999995
332,41.313609999999997,-71.850269999999995
333,41.313609999999997,-71.850269999999995
334,41.314500000000002,-72.063100000000006
335,41.327531000000000,-71.921138999999997
336,41.327531000000000,-71.921138999999997
337,41.329977999999997,-71.790315000000007
338,41.329977999999997,-71.790315000000007
339,41.329977999999997,-71.790315000000007
340,41.329977999999997,-71.790315000000007
341,41.329977999999997,-71.790315000000007
342,41.329977999999997,-71.790315000000007
343,41.337460000000000,-71.723387000000002
344,41.337460000000000,-71.723387000000002
345,41.337460000000000,-71.723387000000002
346,41.337460000000000,-71.723387000000002
347,41.350593000000003,-70.838127000000000
348,41.350593000000003,-70.838127000000000
349,41.350593000000003,-70.838127000000000
350,41.350593000000003,-70.838127000000000
351,41.352890000000002,-70.778639999999996
352,41.371164999999998,-71.513953000000001
353,41.371164999999998,-71.513953000000001
354,41.371164999999998,-71.513953000000001
355,41.371164999999998,-71.513953000000001
356,41.387112000000002,-70.646895999999998
357,41.387112000000002,-70.646895999999998
358,41.387741089999999,-71.517265320000007
359,41.387741089999999,-71.517265320000007
360,41.387741089999999,-71.517265320000007
361,41.387741089999999,-71.517265320000007
362,41.389290000000003,-71.470946999999995
363,41.390045999999998,-71.468253000000004
364,41.390045999999998,-71.468253000000004
365,41.426490999999999,-71.497001999999995
366,41.448166000000001,-71.355835999999996
367,41.448166000000001,-71.355835999999996
368,41.448166000000001,-71.355835999999996
369,41.448166000000001,-71.355835999999996
370,41.448166000000001,-71.355835999999996
371,41.448166000000001,-71.355835999999996
372,41.450122000000000,-70.856281999999993
373,41.450122000000000,-70.856281999999993
374,41.450879000000000,-70.922411999999994
375,41.450879000000000,-70.922411999999994
376,41.450879000000000,-70.922411999999994
377,41.450879000000000,-70.922411999999994
378,41.450879000000000,-70.922411999999994
379,41.450879000000000,-70.922411999999994
380,41.450879000000000,-70.922411999999994
381,41.450879000000000,-70.922411999999994
382,41.453000000000003,-71.394867000000005
383,41.453000000000003,-71.394867000000005
384,41.455911999999998,-70.811306999999999
385,41.455911999999998,-70.811306999999999
386,41.458843999999999,-71.196055999999999
387,41.458843999999999,-71.196055999999999
388,41.460225999999999,-70.765884999999997
389,41.460225999999999,-70.765884999999997
390,41.460546000000001,-71.169148000000007
391,41.460546000000001,-71.169148000000007
392,41.461407000000001,-71.168657999999994
393,41.462603999999999,-71.194490000000002
394,41.474266049999997,-71.336036680000007
395,41.474266049999997,-71.336036680000007
396,41.474266049999997,-71.336036680000007
397,41.474266049999997,-71.336036680000007
398,41.482000999999997,-71.321067999999997
399,41.488948000000001,-71.267122999999998
400,41.490081789999998,-71.323226930000004
401,41.490081789999998,-71.323226930000004
402,41.490081789999998,-71.323226930000004
403,41.490169999999999,-71.323449999999994
404,41.490169999999999,-71.323449999999994
405,41.490169999999999,-71.323449999999994
406,41.490169999999999,-71.323449999999994
407,41.493963999999998,-71.396686000000003
408,41.493963999999998,-71.396686000000003
409,41.494621279999997,-71.396316529999993
410,41.496659999999999,-71.363156000000004
411,41.496659999999999,-71.363156000000004
412,41.496659999999999,-71.363156000000004
413,41.496659999999999,-71.363156000000004
414,41.503332999999998,-71.019999999999996
415,41.505443999999997,-70.696179000000001
416,41.505500789999999,-71.325347899999997
417,41.505645000000001,-71.326008999999999
418,41.505645000000001,-71.326008999999999
419,41.509614999999997,-70.687585999999996
420,41.509614999999997,-70.687585999999996
421,41.510337999999997,-70.687102999999993
422,41.513618469999997,-71.076927190000006
423,41.513618469999997,-71.076927190000006
424,41.514040000000001,-70.696209999999994
425,41.515045000000001,-70.655626999999996
426,41.515045000000001,-70.655626999999996
427,41.515045000000001,-70.655626999999996
428,41.515045000000001,-70.655626999999996
429,41.515045000000001,-70.655626999999996
430,41.515045000000001,-70.655626999999996
431,41.515109000000002,-70.696697000000000
432,41.515109000000002,-70.696697000000000
433,41.515174999999999,-70.655506000000003
434,41.516509999999997,-71.077079999999995
435,41.516509999999997,-71.077079999999995
436,41.516509999999997,-71.077079999999995
437,41.516509999999997,-71.077079999999995
438,41.516509999999997,-71.077079999999995
439,41.516509999999997,-71.077079999999995
440,41.516509999999997,-71.077079999999995
441,41.516509999999997,-71.077079999999995
442,41.516640000000002,-70.668740000000000
443,41.517369000000002,-70.658856999999998
444,41.517369000000002,-70.658856999999998
445,41.517609000000000,-70.659195999999994
446,41.518304000000001,-70.656036000000000
447,41.520710999999999,-70.666719000000001
448,41.520710999999999,-70.666719000000001
449,41.520710999999999,-70.666719000000001
450,41.520710999999999,-70.666719000000001
451,41.521580999999998,-70.670337000000004
452,41.522468570000001,-70.667266850000004
453,41.522468570000001,-70.667266850000004
454,41.522468570000001,-70.667266850000004
455,41.522468570000001,-70.667266850000004
456,41.522468570000001,-70.667266850000004
457,41.522468570000001,-70.667266850000004
458,41.522468570000001,-70.667266850000004
459,41.524248000000000,-70.675400999999994
460,41.524248000000000,-70.675400999999994
461,41.524693999999997,-70.674177999999998
462,41.524693999999997,-70.674177999999998
463,41.525523999999997,-70.671323999999998
464,41.525523999999997,-70.671323999999998
465,41.526496999999999,-70.673084000000003
466,41.526496999999999,-70.673084000000003
467,41.526496999999999,-70.673084000000003
468,41.526496999999999,-70.673084000000003
469,41.526496999999999,-70.673084000000003
470,41.526667000000003,-70.670000000000002
471,41.526667000000003,-70.670000000000002
472,41.542147000000000,-70.608327000000003
473,41.542147000000000,-70.608327000000003
474,41.542248000000001,-70.614751999999996
475,41.548999999999999,-70.654529999999994
476,41.549956000000002,-70.607371000000001
477,41.549956000000002,-70.607371000000001
478,41.549956000000002,-70.607371000000001
479,41.549956000000002,-70.607371000000001
480,41.549999999999997,-70.655000000000001
481,41.564970000000002,-70.654027999999997
482,41.564970000000002,-70.654027999999997
483,41.564970000000002,-70.654027999999997
484,41.564970000000002,-70.654027999999997
485,41.564970000000002,-70.654027999999997
486,41.564970000000002,-70.654027999999997
487,41.564970000000002,-70.654027999999997
488,41.564970000000002,-70.654027999999997
489,41.564970000000002,-70.654027999999997
490,41.564970000000002,-70.654027999999997
491,41.564970000000002,-70.654027999999997
492,41.564970000000002,-70.654027999999997
493,41.570613000000002,-70.648258999999996
494,41.570613000000002,-70.648258999999996
495,41.595205999999997,-71.354056000000000
496,41.595205999999997,-71.354056000000000
497,41.600037999999998,-70.644774999999996
498,41.604273999999997,-70.634474999999995
499,41.606667000000002,-70.650000000000006
500,41.606839999999998,-70.651269999999997
501,41.607100000000003,-70.651020000000003
502,41.607490540000001,-70.401550290000003
503,41.607490540000001,-70.401550290000003
504,41.607490540000001,-70.401550290000003
505,41.607490540000001,-70.401550290000003
506,41.616776999999999,-70.436970000000002
507,41.616776999999999,-70.436970000000002
508,41.620742800000002,-71.409317020000003
509,41.620742800000002,-71.409317020000003
510,41.621311190000000,-71.411323550000006
511,41.621311190000000,-71.411323550000006
512,41.621311190000000,-71.411323550000006
513,41.621311190000000,-71.411323550000006
514,41.621913910000004,-70.395332339999996
515,41.621913910000004,-70.395332339999996
516,41.621913910000004,-70.395332339999996
517,41.621913910000004,-70.395332339999996
518,41.622215269999998,-70.264984130000002
519,41.622215269999998,-70.264984130000002
520,41.622215269999998,-70.264984130000002
521,41.623069999999998,-71.412728000000001
522,41.623069999999998,-71.412728000000001
523,41.623069999999998,-71.412728000000001
524,41.623069999999998,-71.412728000000001
525,41.624160770000003,-70.365295410000002
526,41.635666999999998,-70.224463999999998
527,41.635666999999998,-70.224463999999998
528,41.635666999999998,-70.224463999999998
529,41.635666999999998,-70.224463999999998
530,41.635666999999998,-70.224463999999998
531,41.635666999999998,-70.224463999999998
532,41.636119000000001,-70.345107999999996
533,41.639232999999997,-70.912989999999994
534,41.640382000000002,-70.914760000000001
535,41.640382000000002,-70.914760000000001
536,41.640382000000002,-70.914760000000001
537,41.640382000000002,-70.914760000000001
538,41.649355999999997,-70.194415000000006
539,41.649355999999997,-70.194415000000006
540,41.649355999999997,-70.194415000000006
541,41.649355999999997,-70.194415000000006
542,41.663915000000003,-69.987187000000006
543,41.663915000000003,-69.987187000000006
544,41.663915000000003,-69.987187000000006
545,41.663915000000003,-69.987187000000006
546,41.663915000000003,-69.987187000000006
547,41.663915000000003,-69.987187000000006
548,41.663915000000003,-69.987187000000006
549,41.663915000000003,-69.987187000000006
550,41.663915000000003,-69.987187000000006
551,41.663915000000003,-69.987187000000006
552,41.666637000000001,-70.065765999999996
553,41.666637000000001,-70.065765999999996
554,41.676949000000000,-69.979369000000005
555,41.676949000000000,-69.979369000000005
556,41.676949000000000,-69.979369000000005
557,41.676949000000000,-69.979369000000005
558,41.676949000000000,-69.979369000000005
559,41.676949000000000,-69.979369000000005
560,41.676949000000000,-69.979369000000005
561,41.676949000000000,-69.979369000000005
562,41.686878200000002,-71.392997739999998
563,41.688487000000002,-71.393484999999998
564,41.688487000000002,-71.393484999999998
565,41.710625000000000,-70.275830999999997
566,41.710625000000000,-70.275830999999997
567,41.710625000000000,-70.275830999999997
568,41.710625000000000,-70.275830999999997
569,41.710625000000000,-70.275830999999997
570,41.710625000000000,-70.275830999999997
571,41.710625000000000,-70.275830999999997
572,41.710625000000000,-70.275830999999997
573,41.710625000000000,-70.275830999999997
574,41.710625000000000,-70.275830999999997
575,41.710625000000000,-70.275830999999997
576,41.710625000000000,-70.275830999999997
577,41.737518000000001,-70.625029999999995
578,41.738578799999999,-70.626228330000004
579,41.738578799999999,-70.626228330000004
580,41.738578799999999,-70.626228330000004
581,41.738578799999999,-70.626228330000004
582,41.738894999999999,-70.626665000000003
583,41.738894999999999,-70.626665000000003
584,41.738894999999999,-70.626665000000003
585,41.738894999999999,-70.626665000000003
586,41.738909999999997,-70.626495000000006
587,41.738909999999997,-70.626495000000006
588,41.741658000000001,-70.625404000000003
589,41.744621279999997,-70.617698669999996
590,41.744621279999997,-70.617698669999996
591,41.744621279999997,-70.617698669999996
592,41.745027000000000,-70.619026000000005
593,41.745027000000000,-70.619026000000005
594,41.745027000000000,-70.619026000000005
595,41.745027000000000,-70.619026000000005
596,41.745027000000000,-70.619026000000005
597,41.745027000000000,-70.619026000000005
598,41.756047000000002,-70.127003000000002
599,41.756047000000002,-70.127003000000002
600,41.756047000000002,-70.127003000000002
601,41.756047000000002,-70.127003000000002
602,41.758890000000001,-70.494439999999997
603,41.769686000000000,-70.484818000000004
604,41.771068569999997,-70.502372739999998
605,41.795898440000002,-69.946899410000000
606,41.799701689999999,-70.007797240000002
607,41.808700559999998,-69.952903750000004
608,41.808700559999998,-69.952903750000004
609,41.808700559999998,-69.952903750000004
610,41.808700559999998,-69.952903750000004
611,41.808700559999998,-69.952903750000004
612,41.808700559999998,-69.952903750000004
613,41.808700559999998,-69.952903750000004
614,41.808700559999998,-69.952903750000004
615,41.808700559999998,-69.952903750000004
616,41.808700559999998,-69.952903750000004
617,41.808700559999998,-69.952903750000004
618,41.808700559999998,-69.952903750000004
619,41.808700559999998,-69.952903750000004
620,41.808700559999998,-69.952903750000004
621,41.808700559999998,-69.952903750000004
622,41.817289000000002,-70.003630000000001
623,41.817289000000002,-70.003630000000001
624,41.817289000000002,-70.003630000000001
625,41.817289000000002,-70.003630000000001
626,41.817289000000002,-70.003630000000001
627,41.817289000000002,-70.003630000000001
628,41.817289000000002,-70.003630000000001
629,41.817289000000002,-70.003630000000001
630,41.817289000000002,-70.003630000000001
631,41.817289000000002,-70.003630000000001
632,41.817289000000002,-70.003630000000001
633,41.817289000000002,-70.003630000000001
634,41.834899900000003,-69.972602839999993
635,41.834899900000003,-69.972602839999993
636,41.834899900000003,-69.972602839999993
637,41.834899900000003,-69.972602839999993
638,41.834899900000003,-69.972602839999993
639,41.834899900000003,-69.972602839999993
640,41.834899900000003,-69.972602839999993
641,41.834899900000003,-69.972602839999993
642,41.834899900000003,-69.972602839999993
643,41.834899900000003,-69.972602839999993
644,41.834899900000003,-69.972602839999993
645,41.834899900000003,-69.972602839999993
646,41.834899900000003,-69.972602839999993
647,41.834899900000003,-69.972602839999993
648,41.834899900000003,-69.972602839999993
649,41.834899900000003,-69.972602839999993
650,41.834899900000003,-69.972602839999993
651,41.834899900000003,-69.972602839999993
652,41.834899900000003,-69.972602839999993
653,41.834899900000003,-69.972602839999993
654,41.834899900000003,-69.972602839999993
655,41.834899900000003,-69.972602839999993
656,41.834899900000003,-69.972602839999993
657,41.834899900000003,-69.972602839999993
658,41.834899900000003,-69.972602839999993
659,41.843420000000002,-69.946111000000002
660,41.843420000000002,-69.946111000000002
661,41.843420000000002,-69.946111000000002
662,41.843420000000002,-69.946111000000002
663,41.904843000000000,-70.004862000000003
664,41.904843000000000,-70.004862000000003
665,41.910575999999999,-70.024123000000003
666,41.910575999999999,-70.024123000000003
667,41.910575999999999,-70.024123000000003
668,41.910575999999999,-70.024123000000003
669,41.910575999999999,-70.024123000000003
670,41.910575999999999,-70.024123000000003
671,41.945435000000003,-70.575720000000004
672,41.945833999999998,-70.575612000000007
673,41.990851999999997,-70.640822000000000
674,42.005102999999998,-70.599177999999995
675,42.005102999999998,-70.599177999999995
676,42.035012999999999,-70.160644000000005
677,42.035012999999999,-70.160644000000005
678,42.086213999999998,-70.641148000000001
679,42.086213999999998,-70.641148000000001
680,42.175170999999999,-70.735879999999995
681,42.175170999999999,-70.735879999999995
682,42.282483999999997,3.282671000000000
683,42.321807860000000,-70.988632199999998
684,42.321807860000000,-70.988632199999998
685,42.343250269999999,-71.035003660000001
686,42.420889000000003,-70.906415999999993
687,42.420889000000003,-70.906415999999993
688,42.500400540000001,-70.838203429999993
689,42.500400540000001,-70.838203429999993
690,42.500400540000001,-70.838203429999993
691,42.500400540000001,-70.838203429999993
692,42.521118160000000,-70.880981449999993
693,42.521118160000000,-70.880981449999993
694,42.521118160000000,-70.880981449999993
695,42.521118160000000,-70.880981449999993
696,42.521301270000002,-70.881797789999993
697,42.521301270000002,-70.881797789999993
698,42.521301270000002,-70.881797789999993
699,42.521301270000002,-70.881797789999993
700,42.521301270000002,-70.881797789999993
701,42.521320000000003,-70.881895000000000
702,42.521320000000003,-70.881895000000000
703,42.521331789999998,-70.881820680000004
704,42.521331789999998,-70.881820680000004
705,42.521331789999998,-70.881820680000004
706,42.521331789999998,-70.881820680000004
707,42.521331789999998,-70.881820680000004
708,42.521331789999998,-70.881820680000004
709,42.521331789999998,-70.881820680000004
710,42.521331789999998,-70.881820680000004
711,42.521598820000001,-70.881652829999993
712,42.521598820000001,-70.881652829999993
713,42.523609999999998,-70.866659999999996
714,42.523609999999998,-70.866659999999996
715,42.527698520000001,-70.866302489999995
716,42.527698520000001,-70.866302489999995
717,42.540298460000002,-70.886299129999998
718,42.540298460000002,-70.886299129999998
719,42.540298460000002,-70.886299129999998
720,42.540298460000002,-70.886299129999998
721,42.546348569999999,-70.855499269999996
722,42.546348569999999,-70.855499269999996
723,42.546348569999999,-70.855499269999996
724,42.546348569999999,-70.855499269999996
725,42.576698299999997,-70.737602229999993
726,42.576698299999997,-70.737602229999993
727,42.576698299999997,-70.737602229999993
728,42.576698299999997,-70.737602229999993
729,42.577007999999999,-70.731992000000005
730,42.641190000000002,-70.693372999999994
731,42.641190000000002,-70.693372999999994
732,42.890081000000002,-70.829472999999993
733,42.890081000000002,-70.829472999999993
734,42.890081000000002,-70.829472999999993
735,42.890081000000002,-70.829472999999993
736,42.968142000000000,-70.624757000000002
737,42.968142000000000,-70.624757000000002
738,42.968142000000000,-70.624757000000002
739,42.968142000000000,-70.624757000000002
740,42.968142000000000,-70.624757000000002
741,42.968142000000000,-70.624757000000002
742,42.968142000000000,-70.624757000000002
743,42.968142000000000,-70.624757000000002
744,42.968738999999999,-70.625906999999998
745,42.968738999999999,-70.625906999999998
746,42.971544000000002,-70.760023000000004
747,42.971544000000002,-70.760023000000004
748,42.971544000000002,-70.760023000000004
749,42.971544000000002,-70.760023000000004
750,42.971544000000002,-70.760023000000004
751,42.971544000000002,-70.760023000000004
752,42.971544000000002,-70.760023000000004
753,42.971544000000002,-70.760023000000004
754,42.971544000000002,-70.760023000000004
755,42.971544000000002,-70.760023000000004
756,42.971544000000002,-70.760023000000004
757,42.971544000000002,-70.760023000000004
758,42.971544000000002,-70.760023000000004
759,42.971544000000002,-70.760023000000004
760,42.971544000000002,-70.760023000000004
761,42.971544000000002,-70.760023000000004
762,42.971544000000002,-70.760023000000004
763,42.971544000000002,-70.760023000000004
764,42.975754000000002,-70.613498000000007
765,42.975754000000002,-70.613498000000007
766,42.975754000000002,-70.613498000000007
767,42.975754000000002,-70.613498000000007
768,42.975754000000002,-70.613498000000007
769,42.975754000000002,-70.613498000000007
770,42.975754000000002,-70.613498000000007
771,42.975754000000002,-70.613498000000007
772,42.975754000000002,-70.613498000000007
773,42.975754000000002,-70.613498000000007
774,42.975754000000002,-70.613498000000007
775,42.975754000000002,-70.613498000000007
776,42.975754000000002,-70.613498000000007
777,42.975754000000002,-70.613498000000007
778,42.975754000000002,-70.613498000000007
779,42.975754000000002,-70.613498000000007
780,42.975754000000002,-70.613498000000007
781,42.975754000000002,-70.613498000000007
782,42.975754000000002,-70.613498000000007
783,42.975754000000002,-70.613498000000007
784,42.975754000000002,-70.613498000000007
785,42.975754000000002,-70.613498000000007
786,42.976812000000002,-70.626384000000002
787,42.976812000000002,-70.626384000000002
788,42.978982000000002,-70.610913999999994
789,42.978982000000002,-70.610913999999994
790,42.979798000000002,-70.610439999999997
791,42.979798000000002,-70.610439999999997
792,42.980901000000003,-70.609776999999994
793,42.980901000000003,-70.609776999999994
794,42.982219999999998,-70.601450999999997
795,42.982219999999998,-70.601450999999997
796,42.982439999999997,-70.606429000000006
797,42.982439999999997,-70.606429000000006
798,42.982439999999997,-70.606429000000006
799,42.982439999999997,-70.606429000000006
800,42.982534000000001,-70.612364999999997
801,42.982534000000001,-70.612364999999997
802,42.987647000000003,-70.617510999999993
803,42.987647000000003,-70.617510999999993
804,42.987647000000003,-70.617510999999993
805,42.987647000000003,-70.617510999999993
806,42.987647000000003,-70.617510999999993
807,42.987647000000003,-70.617510999999993
808,42.987647000000003,-70.617510999999993
809,42.987647000000003,-70.617510999999993
810,42.988416999999998,-70.614999999999995
811,42.988416999999998,-70.614999999999995
812,42.988416999999998,-70.614999999999995
813,42.988416999999998,-70.614999999999995
814,42.988416999999998,-70.614999999999995
815,42.988416999999998,-70.614999999999995
816,42.988416999999998,-70.614999999999995
817,42.988416999999998,-70.614999999999995
818,42.988416999999998,-70.614999999999995
819,42.988416999999998,-70.614999999999995
820,42.988416999999998,-70.614999999999995
821,42.988416999999998,-70.614999999999995
822,42.988416999999998,-70.614999999999995
823,42.988416999999998,-70.614999999999995
824,43.004342999999999,-70.604501999999997
825,43.004342999999999,-70.604501999999997
826,43.005001999999998,-70.604243999999994
827,43.005001999999998,-70.604243999999994
828,43.016340999999997,-70.731470000000002
829,43.016340999999997,-70.731470000000002
830,43.016340999999997,-70.731470000000002
831,43.016340999999997,-70.731470000000002
832,43.039212999999997,-70.714656000000005
833,43.039212999999997,-70.714656000000005
834,43.039808999999998,-70.715772000000001
835,43.039808999999998,-70.715772000000001
836,43.043917000000000,-70.712703000000005
837,43.043917000000000,-70.712703000000005
838,43.043917000000000,-70.712703000000005
839,43.043917000000000,-70.712703000000005
840,43.043917000000000,-70.712703000000005
841,43.043917000000000,-70.712703000000005
842,43.043917000000000,-70.712703000000005
843,43.043917000000000,-70.712703000000005
844,43.057671999999997,-70.712207000000006
845,43.057671999999997,-70.712207000000006
846,43.057671999999997,-70.712207000000006
847,43.057671999999997,-70.712207000000006
848,43.057671999999997,-70.712207000000006
849,43.057671999999997,-70.712207000000006
850,43.058508000000003,-70.728351000000004
851,43.058508000000003,-70.728351000000004
852,43.058508000000003,-70.728351000000004
853,43.058508000000003,-70.728351000000004
854,43.058518999999997,-70.712227999999996
855,43.058518999999997,-70.712227999999996
856,43.066290000000002,-70.691924000000000
857,43.066290000000002,-70.691924000000000
858,43.066290000000002,-70.691924000000000
859,43.066290000000002,-70.691924000000000
860,43.076748000000002,-70.665194000000000
861,43.076748000000002,-70.665194000000000
862,43.085987000000003,-70.659700000000001
863,43.085987000000003,-70.659700000000001
864,43.085987000000003,-70.659700000000001
865,43.085987000000003,-70.659700000000001
866,43.085987000000003,-70.659700000000001
867,43.085987000000003,-70.659700000000001
868,43.085987000000003,-70.659700000000001
869,43.085987000000003,-70.659700000000001
870,43.085987000000003,-70.659700000000001
871,43.085987000000003,-70.659700000000001
872,43.085987000000003,-70.659700000000001
873,43.085987000000003,-70.659700000000001
874,43.085987000000003,-70.659700000000001
875,43.085987000000003,-70.659700000000001
876,43.087780000000002,-70.661835999999994
877,43.087780000000002,-70.661835999999994
878,43.087780000000002,-70.661835999999994
879,43.087780000000002,-70.661835999999994
880,43.098261000000001,-70.657072999999997
881,43.098261000000001,-70.657072999999997
882,43.098261000000001,-70.657072999999997
883,43.098261000000001,-70.657072999999997
884,43.098261000000001,-70.657072999999997
885,43.098261000000001,-70.657072999999997
886,43.098511999999999,-70.656215000000003
887,43.098511999999999,-70.656215000000003
888,43.098511999999999,-70.656215000000003
889,43.098511999999999,-70.656215000000003
890,43.099170000000001,-70.661107000000001
891,43.099170000000001,-70.661107000000001
892,43.099232999999998,-70.660720999999995
893,43.099232999999998,-70.660720999999995
894,43.099263999999998,-70.662008000000000
895,43.099263999999998,-70.662008000000000
896,43.099294999999998,-70.661321999999998
897,43.099294999999998,-70.661321999999998
898,43.099294999999998,-70.661321999999998
899,43.099294999999998,-70.661321999999998
900,43.099294999999998,-70.661321999999998
901,43.099294999999998,-70.661321999999998
902,43.099294999999998,-70.661321999999998
903,43.099294999999998,-70.661321999999998
904,43.099294999999998,-70.661321999999998
905,43.099294999999998,-70.661321999999998
906,43.099482999999999,-70.660807000000005
907,43.099482999999999,-70.660807000000005
908,43.100079000000001,-70.660549000000003
909,43.100079000000001,-70.660549000000003
910,43.100079000000001,-70.660549000000003
911,43.100079000000001,-70.660549000000003
912,43.100079000000001,-70.660549000000003
913,43.100079000000001,-70.660549000000003
914,43.100704999999998,-70.662436999999997
915,43.100704999999998,-70.662436999999997
916,43.100704999999998,-70.662436999999997
917,43.100704999999998,-70.662436999999997
918,43.100704999999998,-70.662436999999997
919,43.100704999999998,-70.662436999999997
920,43.101174999999998,-70.662351999999998
921,43.101174999999998,-70.662351999999998
922,43.101174999999998,-70.662351999999998
923,43.101174999999998,-70.662351999999998
924,43.163752000000002,-70.617536000000001
925,43.163752000000002,-70.617536000000001
926,43.165517000000001,-70.592718000000005
927,43.165517000000001,-70.592718000000005
928,43.165705000000003,-70.592417999999995
929,43.165705000000003,-70.592417999999995
930,43.310000000000002,-2.320000000000000
931,43.310000000000002,-2.320000000000000
932,43.345100400000000,-70.491600039999994
933,43.390000000000001,-1.830000000000000
934,43.390000000000001,-1.830000000000000
935,43.443567000000002,-70.339537000000007
936,43.443567000000002,-70.339537000000007
937,43.443567000000002,-70.339537000000007
938,43.443567000000002,-70.339537000000007
939,43.475762000000003,-70.384360000000001
940,43.475762000000003,-70.384360000000001
941,43.505000000000003,-70.312219999999996
942,43.505000000000003,-70.312219999999996
943,43.505000000000003,-70.312219999999996
944,43.505000000000003,-70.312219999999996
945,43.505000000000003,-70.312219999999996
946,43.505000000000003,-70.312219999999996
947,43.541255999999997,-70.334703000000005
948,43.541255999999997,-70.334703000000005
949,43.541255999999997,-70.334703000000005
950,43.541255999999997,-70.334703000000005
951,43.544350999999999,-70.335108000000005
952,43.544350999999999,-70.335108000000005
953,43.544817999999999,-70.338627000000002
954,43.544817999999999,-70.338627000000002
955,43.562887000000003,-70.272540000000006
956,43.562887000000003,-70.272540000000006
957,43.564247999999999,-70.272876999999994
958,43.564247999999999,-70.272876999999994
959,43.689585000000001,-70.154336999999998
960,43.689585000000001,-70.154336999999998
961,43.694389999999999,-70.099289999999996
962,43.694389999999999,-70.099289999999996
963,43.694744999999998,-70.109016999999994
964,43.694744999999998,-70.109016999999994
965,43.704262999999997,-69.854765000000000
966,43.704262999999997,-69.854765000000000
967,43.704262999999997,-69.854765000000000
968,43.704262999999997,-69.854765000000000
969,43.704262999999997,-69.854765000000000
970,43.704262999999997,-69.854765000000000
971,43.704262999999997,-69.854765000000000
972,43.704262999999997,-69.854765000000000
973,43.710560000000001,-69.831940000000003
974,43.710560000000001,-69.831940000000003
975,43.713791999999998,-70.003241000000003
976,43.713791999999998,-70.003241000000003
977,43.713791999999998,-70.003241000000003
978,43.713791999999998,-70.003241000000003
979,43.713791999999998,-70.003241000000003
980,43.713791999999998,-70.003241000000003
981,43.713791999999998,-70.003241000000003
982,43.713791999999998,-70.003241000000003
983,43.713791999999998,-70.003241000000003
984,43.713791999999998,-70.003241000000003
985,43.713791999999998,-70.003241000000003
986,43.713791999999998,-70.003241000000003
987,43.713791999999998,-70.003241000000003
988,43.713791999999998,-70.003241000000003
989,43.713791999999998,-70.003241000000003
990,43.713791999999998,-70.003241000000003
991,43.717790000000001,-70.002471999999997
992,43.717790000000001,-70.002471999999997
993,43.719043999999997,-69.851068999999995
994,43.719043999999997,-69.851068999999995
995,43.721017000000003,-69.898847000000004
996,43.721017000000003,-69.898847000000004
997,43.724017000000003,-69.993341000000001
998,43.724017000000003,-69.993341000000001
999,43.724017000000003,-69.993341000000001
1000,43.724017000000003,-69.993341000000001
1001,43.724017000000003,-69.993341000000001
1002,43.724017000000003,-69.993341000000001
1003,43.724017000000003,-69.993341000000001
1004,43.724017000000003,-69.993341000000001
1005,43.724017000000003,-69.993341000000001
1006,43.724017000000003,-69.993341000000001
1007,43.724017000000003,-69.993341000000001
1008,43.724017000000003,-69.993341000000001
1009,43.726917999999998,-69.937213999999997
1010,43.726917999999998,-69.937213999999997
1011,43.726917999999998,-69.937213999999997
1012,43.726917999999998,-69.937213999999997
1013,43.726917999999998,-69.937213999999997
1014,43.726917999999998,-69.937213999999997
1015,43.733890000000002,-69.971390000000000
1016,43.733890000000002,-69.971390000000000
1017,43.733890000000002,-69.971390000000000
1018,43.733890000000002,-69.971390000000000
1019,43.735388000000000,-70.021777999999998
1020,43.735388000000000,-70.021777999999998
1021,43.735388000000000,-70.021777999999998
1022,43.735388000000000,-70.021777999999998
1023,43.735388000000000,-70.021777999999998
1024,43.735388000000000,-70.021777999999998
1025,43.735388000000000,-70.021777999999998
1026,43.735388000000000,-70.021777999999998
1027,43.735388000000000,-70.021777999999998
1028,43.735388000000000,-70.021777999999998
1029,43.735388000000000,-70.021777999999998
1030,43.735388000000000,-70.021777999999998
1031,43.735757999999997,-69.995097999999999
1032,43.735757999999997,-69.995097999999999
1033,43.739035000000001,-70.041392999999999
1034,43.739035000000001,-70.041392999999999
1035,43.739035000000001,-70.041392999999999
1036,43.739035000000001,-70.041392999999999
1037,43.739035000000001,-70.041392999999999
1038,43.739035000000001,-70.041392999999999
1039,43.739035000000001,-70.041392999999999
1040,43.739035000000001,-70.041392999999999
1041,43.743828000000001,-70.031322000000003
1042,43.743828000000001,-70.031322000000003
1043,43.744819999999997,-70.034514999999999
1044,43.744819999999997,-70.034514999999999
1045,43.752009999999999,-70.140017000000000
1046,43.752009999999999,-70.140017000000000
1047,43.758459999999999,-70.025395000000003
1048,43.758459999999999,-70.025395000000003
1049,43.759838000000002,-70.125979000000001
1050,43.759838000000002,-70.125979000000001
1051,43.775046000000003,-69.867795000000001
1052,43.775046000000003,-69.867795000000001
1053,43.779316000000001,-69.726578000000003
1054,43.779316000000001,-69.726578000000003
1055,43.779316000000001,-69.726578000000003
1056,43.779316000000001,-69.726578000000003
1057,43.779316000000001,-69.726578000000003
1058,43.779316000000001,-69.726578000000003
1059,43.779316000000001,-69.726578000000003
1060,43.779316000000001,-69.726578000000003
1061,43.779316000000001,-69.726578000000003
1062,43.779316000000001,-69.726578000000003
1063,43.807184999999997,-69.993303999999995
1064,43.807184999999997,-69.993303999999995
1065,43.813554000000003,-69.597719999999995
1066,43.813554000000003,-69.597719999999995
1067,43.813554000000003,-69.597719999999995
1068,43.813554000000003,-69.597719999999995
1069,43.813554000000003,-69.597719999999995
1070,43.813554000000003,-69.597719999999995
1071,43.813554000000003,-69.597719999999995
1072,43.813554000000003,-69.597719999999995
1073,43.813554000000003,-69.597719999999995
1074,43.813554000000003,-69.597719999999995
1075,43.813554000000003,-69.597719999999995
1076,43.813554000000003,-69.597719999999995
1077,43.813554000000003,-69.597719999999995
1078,43.813554000000003,-69.597719999999995
1079,43.813554000000003,-69.597719999999995
1080,43.813554000000003,-69.597719999999995
1081,43.822862000000001,-70.026796000000004
1082,43.822862000000001,-70.026796000000004
1083,43.822862000000001,-70.026796000000004
1084,43.822862000000001,-70.026796000000004
1085,43.827250999999997,-69.622544000000005
1086,43.827250999999997,-69.622544000000005
1087,43.827250999999997,-69.622544000000005
1088,43.827250999999997,-69.622544000000005
1089,43.827274000000003,-69.649403000000007
1090,43.827274000000003,-69.649403000000007
1091,43.835205000000002,-69.589590000000001
1092,43.835205000000002,-69.589590000000001
1093,43.835777999999998,-69.553623000000002
1094,43.835777999999998,-69.553623000000002
1095,43.835777999999998,-69.553623000000002
1096,43.835777999999998,-69.553623000000002
1097,43.836922999999999,-69.551231000000001
1098,43.836922999999999,-69.551231000000001
1099,43.836922999999999,-69.551231000000001
1100,43.836922999999999,-69.551231000000001
1101,43.843356999999997,-69.565338999999994
1102,43.843356999999997,-69.565338999999994
1103,43.843761999999998,-69.653654000000003
1104,43.843761999999998,-69.653654000000003
1105,43.851500000000001,-69.625483000000003
1106,43.851500000000001,-69.625483000000003
1107,43.851500000000001,-69.625483000000003
1108,43.851500000000001,-69.625483000000003
1109,43.851500000000001,-69.625483000000003
1110,43.851500000000001,-69.625483000000003
1111,43.858727999999999,-70.009727999999996
1112,43.858727999999999,-70.009727999999996
1113,43.858727999999999,-70.009727999999996
1114,43.858727999999999,-70.009727999999996
1115,43.862603000000000,-69.947567000000006
1116,43.862603000000000,-69.947567000000006
1117,43.862603000000000,-69.947567000000006
1118,43.862603000000000,-69.947567000000006
1119,43.862603000000000,-69.947567000000006
1120,43.862603000000000,-69.947567000000006
1121,43.864505000000001,-69.588013000000004
1122,43.864505000000001,-69.588013000000004
1123,43.864505000000001,-69.588013000000004
1124,43.864505000000001,-69.588013000000004
1125,43.864505000000001,-69.588013000000004
1126,43.864505000000001,-69.588013000000004
1127,43.867750999999998,-69.993330000000000
1128,43.867750999999998,-69.993330000000000
1129,43.867750999999998,-69.993330000000000
1130,43.867750999999998,-69.993330000000000
1131,43.881176000000004,-69.482328999999993
1132,43.881176000000004,-69.482328999999993
1133,44.451030000000003,-64.383399999999995
1134,44.470342000000002,-63.786524999999997
1135,44.470342000000002,-63.786524999999997
1136,44.483333000000002,-63.915832999999999
1137,44.483333000000002,-63.915832999999999
1138,44.498407999999998,-63.920724999999997
1139,44.498407999999998,-63.920724999999997
1140,44.643500000000003,-64.017399999999995
1141,44.895882000000000,-67.156664000000006
1142,44.895882000000000,-67.156664000000006
1143,45.502276999999999,13.558883000000000
1144,45.527777999999998,13.570556000000000
1145,45.542594999999999,13.638769999999999
1146,45.542594999999999,13.638769999999999
1147,48.356617000000000,-4.438890000000000
1148,48.383333000000000,-124.599999999999994
1149,48.450277000000000,-122.963255000000004
1150,48.457890999999996,-122.957070000000002
1151,48.800704000000003,-3.574172000000000
1152,49.957163000000001,-6.348742000000000
1153,50.182735000000001,-4.973827000000000
1154,50.311183000000000,-4.084535000000000
1155,50.595571999999997,-2.459245000000000
1156,50.599539000000000,-2.452163000000000
1157,50.599539000000000,-2.452163000000000
1158,50.602888999999998,-2.122134000000000
1159,50.608249000000001,-1.950881000000000
1160,50.609566000000001,-2.141781000000000
1161,50.610405999999998,-2.514084000000000
1162,50.611286000000000,-2.132091000000000
1163,50.611286000000000,-2.132091000000000
1164,50.621532000000002,-2.246226000000000
1165,50.687776999999997,-1.071916000000000
1166,50.687776999999997,-1.071916000000000
1167,50.687776999999997,-1.071916000000000
1168,50.688851000000000,-1.071287000000000
1169,50.701689000000002,-1.097159000000000
1170,50.710428000000000,-1.885443000000000
1171,50.740383999999999,-1.094644000000000
1172,50.777379000000003,-0.694876000000000
1173,50.783881999999998,-1.285022000000000
1174,50.789427000000003,-0.618823000000000
1175,50.801811999999998,-0.056612000000000
1176,50.810595999999997,-0.092984000000000
1177,51.211830999999997,-4.115679000000000
1178,51.211830999999997,-4.115679000000000
1179,51.393090999999998,1.402474000000000
1180,51.416666999999997,4.150000000000000
1181,51.416666999999997,4.150000000000000
1182,51.512256000000001,0.601488000000000
1183,51.516666999999998,4.000000000000000
1184,51.530000000000001,4.000000000000000
1185,51.530000000000001,4.000000000000000
1186,51.530000000000001,4.000000000000000
1187,51.530000000000001,4.000000000000000
1188,51.530000000000001,4.000000000000000
1189,51.530000000000001,4.000000000000000
1190,51.530000000000001,4.000000000000000
1191,51.530000000000001,4.000000000000000
1192,51.530000000000001,4.000000000000000
1193,51.530000000000001,4.000000000000000
1194,51.530000000000001,4.000000000000000
1195,51.530000000000001,4.000000000000000
1196,51.530000000000001,4.000000000000000
1197,51.530000000000001,4.000000000000000
1198,51.530000000000001,4.000000000000000
1199,51.742655999999997,-10.139523000000001
1200,52.844720000000002,-9.444290000000001
1201,52.956280999999997,4.760797000000000
1202,52.956280999999997,4.760797000000000
1203,52.956280999999997,4.760797000000000
1204,53.157110000000003,-9.114570000000001
1205,53.157179999999997,-9.114380000000001
1206,53.236117000000000,-9.599898000000000
1207,53.397097000000002,-9.916706000000000
1208,53.800423000000002,-9.951897000000001
1209,54.162999999999997,-2.896900000000000
1210,54.427509999999998,-5.551170000000000
1211,55.983556000000000,-5.654764000000000
1212,56.494999999999997,-6.120000000000000
1213,56.820093000000000,9.131913000000001
1214,57.111778000000001,-7.392278000000000
1215,57.238194000000000,-7.450222000000000
1216,57.319957000000002,-7.333693000000000
1217,57.341760000000001,-5.644330000000000
1218,57.599556000000000,-7.543278000000000
1219,57.612000000000002,-7.515778000000000
1220,57.615068000000001,10.172670999999999
1221,57.834471999999998,-7.026056000000000
1222,58.249220000000001,11.442055999999999
1223,58.249310000000001,11.442871000000000
1224,58.249310000000001,11.442871000000000
1225,58.739513000000002,-2.972006600000000
1226,58.845033000000001,-3.191483000000000
1227,58.849499999999999,-3.012833000000000
1228,58.849499999999999,-3.012833000000000
1229,58.849499999999999,-3.012833000000000
1230,58.856917000000003,-3.103783000000000
1231,58.856917000000003,-3.103780700000000
1232,58.856917000000003,-3.103783000000000
1233,58.916347999999999,-3.312267200000000
1234,58.917153999999996,-3.185061000000000
1235,58.917153999999996,-3.185061000000000
1236,58.964401000000002,-3.294251900000000
1237,58.964775000000003,-3.294526800000000
1238,58.964775000000003,-3.294526800000000
1239,58.984845000000000,-2.959667200000000
1240,59.089598000000002,-3.042451500000000