"species","x","y","e09.SST.min"
"species",1,1,16.2034091949463
"species",2,2,16.1818008422852
"species",3,3,16.1974105834961
"species",4,4,12.8864402770996
"species",5,5,12.8293600082397
"species",6,6,17.0062408447266
"species",7,7,17.200870513916
"species",8,8,17.302059173584
"species",9,9,17.3483505249023
"species",10,10,17.2465190887451
"species",11,11,17.2824592590332
"species",12,12,16.2324905395508
"species",13,13,16.5787696838379
"species",14,14,17.4049892425537
"species",15,15,17.9401302337646
"species",16,16,17.9315795898438
"species",17,17,17.9537391662598
"species",18,18,18.048189163208
"species",19,19,18.2327499389648
"species",20,20,18.0754909515381
"species",21,21,18.3365001678467
"species",22,22,18.1789894104004
"species",23,23,18.3062400817871
"species",24,24,18.9768295288086
"species",25,25,18.9474105834961
"species",26,26,18.68284034729
"species",27,27,18.8018093109131
"species",28,28,18.7813491821289
"species",29,29,19.5062007904053
"species",30,30,19.540599822998
"species",31,31,21.1837501525879
"species",32,32,19.5440692901611
"species",33,33,20.6927890777588
"species",34,34,19.1238193511963
"species",35,35,19.0921001434326
"species",36,36,18.8374900817871
"species",37,37,18.879940032959
"species",38,38,20.3087997436523
"species",39,39,20.392749786377
"species",40,40,21.9951305389404
"species",41,41,20.4683799743652
"species",42,42,22.2990608215332
"species",43,43,22.2914600372314
"species",44,44,20.4791297912598
"species",45,45,20.4542102813721
"species",46,46,20.1352806091309
"species",47,47,19.8924903869629
"species",48,48,20.2589092254639
"species",49,49,20.0572891235352
"species",50,50,19.9152793884277
"species",51,51,22.2678394317627
"species",52,52,20.0579795837402
"species",53,53,19.9810905456543
"species",54,54,22.2632293701172
"species",55,55,20.6246109008789
"species",56,56,20.9712390899658
"species",57,57,19.8623104095459
"species",58,58,20.2223491668701
"species",59,59,22.271110534668
"species",60,60,19.6200103759766
"species",61,61,20.0612201690674
"species",62,62,19.2624893188477
"species",63,63,20.0073699951172
"species",64,64,20.2211399078369
"species",65,65,20.286470413208
"species",66,66,20.1574897766113
"species",67,67,20.3757495880127
"species",68,68,20.4899101257324
"species",69,69,20.2941703796387
"species",70,70,18.7516593933105
"species",71,71,20.3492794036865
"species",72,72,20.2347202301025
"species",73,73,20.6442699432373
"species",74,74,20.0883407592773
"species",75,75,21.5428295135498
"species",76,76,21.3903408050537
"species",77,77,20.0425891876221
"species",78,78,20.904670715332
"species",79,79,19.9864807128906
"species",80,80,19.5879306793213
"species",81,81,19.5744094848633
"species",82,82,21.1407203674316
"species",83,83,21.2389907836914
"species",84,84,20.9243392944336
"species",85,85,19.9582500457764
"species",86,86,23.0116405487061
"species",87,87,22.9955596923828
"species",88,88,22.9901695251465
"species",89,89,20.0192394256592
"species",90,90,23.0037403106689
"species",91,91,22.3076190948486
"species",92,92,21.1449909210205
"species",93,93,22.3249607086182
"species",94,94,22.3200092315674
"species",95,95,22.3181400299072
"species",96,96,22.4246597290039
"species",97,97,22.2971591949463
"species",98,98,22.5583591461182
"species",99,99,22.3166809082031
"species",100,100,22.6534996032715
"species",101,101,22.7034397125244
"species",102,102,22.3494205474854
"species",103,103,22.2976493835449
"species",104,104,22.3142604827881
"species",105,105,22.3124904632568
"species",106,106,22.4957599639893
"species",107,107,22.7199897766113
"species",108,108,22.3254909515381
"species",109,109,22.3110694885254
"species",110,110,22.3561191558838
"species",111,111,22.6191902160645
"species",112,112,22.6590900421143
"species",113,113,22.4382305145264
"species",114,114,22.3154697418213
"species",115,115,22.355749130249
"species",116,116,22.3664093017578
"species",117,117,22.3864307403564
"species",118,118,22.413179397583
"species",119,119,22.3446502685547
"species",120,120,22.3870601654053
"species",121,121,22.427490234375
"species",122,122,22.409969329834
"species",123,123,22.5040607452393
"species",124,124,22.5273399353027
"species",125,125,22.463680267334
"species",126,126,22.4221305847168
"species",127,127,22.5121402740479
"species",128,128,22.436149597168
"species",129,129,22.6152000427246
"species",130,130,20.2945194244385
"species",131,131,22.6724796295166
"species",132,132,22.6417503356934
"species",133,133,22.6662406921387
"species",134,134,22.6914501190186
"species",135,135,20.0361804962158
"species",136,136,22.7501907348633
"species",137,137,22.7352504730225
"species",138,138,22.3475799560547
"species",139,139,22.8730907440186
"species",140,140,22.7917003631592
"species",141,141,21.6469993591309
"species",142,142,22.5917205810547
"species",143,143,20.0559005737305
"species",144,144,19.96755027771
"species",145,145,23.7212905883789
"species",146,146,20.3546104431152
"species",147,147,20.1984596252441
"species",148,148,23.9262409210205
"species",149,149,20.2568702697754
"species",150,150,22.2704792022705
"species",151,151,23.8538703918457
"species",152,152,20.4791603088379
"species",153,153,20.8257102966309
"species",154,154,20.5860900878906
"species",155,155,23.8433799743652
"species",156,156,23.8471698760986
"species",157,157,20.5049591064453
"species",158,158,22.3570194244385
"species",159,159,20.7352905273438
"species",160,160,22.5637397766113
"species",161,161,22.1285495758057
"species",162,162,23.0470199584961
"species",163,163,23.3184604644775
"species",164,164,22.2878398895264
"species",165,165,23.9757995605469
"species",166,166,22.1362400054932
"species",167,167,23.9913997650146
"species",168,168,21.0313091278076
"species",169,169,22.6851596832275
"species",170,170,23.2678108215332
"species",171,171,21.5031700134277
"species",172,172,23.7322902679443
"species",173,173,21.6215991973877
"species",174,174,21.6826992034912
"species",175,175,21.5662403106689
"species",176,176,21.7995891571045
"species",177,177,21.5112400054932
"species",178,178,21.7573108673096
"species",179,179,21.6689395904541
"species",180,180,21.7560501098633
"species",181,181,23.2163696289062
"species",182,182,21.6412391662598
"species",183,183,21.691499710083
"species",184,184,22.1633605957031
"species",185,185,21.6592998504639
"species",186,186,25.2302207946777
"species",187,187,22.260799407959
"species",188,188,22.1526298522949
"species",189,189,23.1842594146729
"species",190,190,25.270959854126
"species",191,191,22.1585102081299
"species",192,192,25.2828807830811
"species",193,193,22.4895992279053
"species",194,194,23.3663291931152
"species",195,195,23.0877208709717
"species",196,196,21.8300399780273
"species",197,197,25.3147602081299
"species",198,198,25.2819499969482
"species",199,199,22.8773307800293
"species",200,200,23.1694602966309
"species",201,201,25.3690490722656
"species",202,202,23.1492500305176
"species",203,203,22.4091892242432
"species",204,204,23.8024196624756
"species",205,205,23.5960903167725
"species",206,206,22.2444591522217
"species",207,207,24.0149707794189
"species",208,208,22.5467491149902
"species",209,209,23.1680507659912
"species",210,210,22.430549621582
"species",211,211,23.3518295288086
"species",212,212,22.9451103210449
"species",213,213,22.9188594818115
"species",214,214,22.4917697906494
"species",215,215,24.4924602508545
"species",216,216,22.7037792205811
"species",217,217,22.4087390899658
"species",218,218,23.3530292510986
"species",219,219,25.5764408111572
"species",220,220,23.7581195831299
"species",221,221,23.9539794921875
"species",222,222,23.6552600860596
"species",223,223,24.7141208648682
"species",224,224,24.7046794891357
"species",225,225,24.6187400817871
"species",226,226,26.0982704162598
"species",227,227,24.6042499542236
"species",228,228,24.5929203033447
"species",229,229,23.1287403106689
"species",230,230,26.5573501586914
"species",231,231,26.5531406402588
"species",232,232,26.6014308929443
"species",233,233,25.100959777832
"species",234,234,25.885799407959
"species",235,235,26.0780792236328
"species",236,236,25.9333992004395
"species",237,237,23.5611095428467
"species",238,238,26.0436592102051
"species",239,239,24.3535499572754
"species",240,240,24.0083694458008
"species",241,241,24.1590309143066
"species",242,242,24.5349903106689
"species",243,243,23.8737392425537
"species",244,244,23.3674907684326
"species",245,245,24.6032600402832
"species",246,246,23.3973503112793
"species",247,247,23.9582195281982
"species",248,248,24.1629009246826
"species",249,249,24.6797504425049
"species",250,250,23.9911098480225
"species",251,251,23.6013507843018
"species",252,252,23.800910949707
"species",253,253,23.5812397003174
"species",254,254,23.6887397766113
"species",255,255,23.8472499847412
"species",256,256,23.7864208221436
"species",257,257,27.7681007385254
"species",258,258,25.4676990509033
"species",259,259,25.2909107208252
"species",260,260,25.5562496185303
"species",261,261,24.5099906921387
"species",262,262,24.4613208770752
"species",263,263,24.3967800140381
"species",264,264,25.4291496276855
"species",265,265,24.5059604644775
"species",266,266,26.5675792694092
"species",267,267,24.6907005310059
"species",268,268,26.6068992614746
"species",269,269,24.5464897155762
"species",270,270,26.5286598205566
"species",271,271,24.5410194396973
"species",272,272,24.5705509185791
"species",273,273,24.7275905609131
"species",274,274,24.3799705505371
"species",275,275,24.6414909362793
"species",276,276,24.7434101104736
"species",277,277,24.8171195983887
"species",278,278,24.9943199157715
"species",279,279,26.8747806549072
"species",280,280,25.5193691253662
"species",281,281,26.1125392913818
"species",282,282,24.7876796722412
"species",283,283,26.9703807830811
"species",284,284,26.8296909332275
"species",285,285,27.3168506622314
"species",286,286,25.5592193603516
"species",287,287,27.3912296295166
"species",288,288,27.3882102966309
"species",289,289,27.3943405151367
"species",290,290,27.2057399749756
"species",291,291,27.1869697570801
"species",292,292,28.2312393188477
"species",293,293,28.2490901947021
"species",294,294,28.2526206970215
"species",295,295,28.2673091888428
"species",296,296,28.2652206420898
"species",297,297,28.267110824585
"species",298,298,26.9190902709961
"species",299,299,28.2774906158447
"species",300,300,28.2736396789551
"species",301,301,28.2868690490723
"species",302,302,26.2151393890381
"species",303,303,26.2681293487549
"species",304,304,25.524829864502
"species",305,305,25.5256195068359
"species",306,306,28.5189609527588
"species",307,307,27.5916595458984
"species",308,308,27.574010848999
"species",309,309,28.0439605712891
"species",310,310,28.1209506988525
"species",311,311,28.2580394744873
"species",312,312,24.8293209075928
"species",313,313,28.0281200408936
"species",314,314,23.5126399993896
"species",315,315,27.9317893981934
"species",316,316,27.2749500274658
"species",317,317,27.2280902862549
"species",318,318,27.4463901519775
"species",319,319,28.162130355835
"species",320,320,27.6331901550293
"species",321,321,28.0700492858887
"species",322,322,26.3269500732422
"species",323,323,28.3159103393555
"species",324,324,26.9602909088135
"species",325,325,27.2109394073486
"species",326,326,26.9198703765869
"species",327,327,27.1245002746582
"species",328,328,27.1093502044678
"species",329,329,26.7918491363525
"species",330,330,26.5991401672363
"species",331,331,27.0842895507812
"species",332,332,26.6557598114014
"species",333,333,27.0632801055908
"species",334,334,26.6321392059326
"species",335,335,27.6808109283447
"species",336,336,27.656909942627
"species",337,337,27.6877403259277
"species",338,338,27.9700698852539
"species",339,339,28.3268699645996
"species",340,340,26.4482803344727
"species",341,341,27.9233093261719
"species",342,342,23.7149906158447
"species",343,343,27.8628196716309
"species",344,344,25.1379795074463
"species",345,345,25.1012401580811
"species",346,346,27.1798095703125
"species",347,347,25.7831802368164
"species",348,348,25.7682590484619
"species",349,349,27.2616004943848
"species",350,350,25.5232791900635
"species",351,351,25.5496997833252
"species",352,352,25.0837993621826
"species",353,353,27.288330078125
"species",354,354,27.2849903106689
"species",355,355,25.2467594146729
"species",356,356,25.3900508880615
"species",357,357,25.2936305999756
"species",358,358,24.7138004302979
"species",359,359,25.4774894714355
"species",360,360,24.7412395477295
"species",361,361,25.3434600830078
"species",362,362,25.0472507476807
"species",363,363,26.710620880127
"species",364,364,26.1096992492676
"species",365,365,26.8315906524658
"species",366,366,26.7073001861572
"species",367,367,26.6773796081543
"species",368,368,26.6906890869141
"species",369,369,27.716609954834
"species",370,370,27.6999893188477
"species",371,371,26.6777992248535
"species",372,372,26.5856494903564
"species",373,373,26.5194206237793
"species",374,374,26.4870700836182
"species",375,375,27.537239074707
"species",376,376,27.5310802459717
"species",377,377,26.3974895477295
"species",378,378,26.5676498413086
"species",379,379,27.1195106506348
"species",380,380,26.3363990783691
"species",381,381,27.2177104949951
"species",382,382,26.2986602783203
"species",383,383,26.3059501647949
"species",384,384,27.188440322876
"species",385,385,27.1679706573486
"species",386,386,26.3397102355957
"species",387,387,25.4477291107178
"species",388,388,26.332239151001
"species",389,389,26.2487506866455
"species",390,390,26.0987396240234
"species",391,391,26.2049903869629
"species",392,392,26.1047801971436
"species",393,393,26.1979007720947
"species",394,394,26.1551990509033
"species",395,395,25.6436290740967
"species",396,396,26.1546306610107
"species",397,397,25.6303195953369
"species",398,398,26.1126194000244
"species",399,399,26.1226806640625
"species",400,400,27.0145702362061
"species",401,401,26.8565902709961
"species",402,402,26.4540004730225
"species",403,403,26.2855796813965
"species",404,404,26.4622497558594
"species",405,405,26.2727203369141
"species",406,406,26.4312705993652
"species",407,407,26.424129486084
"species",408,408,26.4066200256348
"species",409,409,26.9178295135498
"species",410,410,26.3617706298828
"species",411,411,26.3914108276367
"species",412,412,26.4359893798828
"species",413,413,26.1506004333496
"species",414,414,26.3346004486084
"species",415,415,26.5769596099854
"species",416,416,26.4146194458008
"species",417,417,26.1081790924072
"species",418,418,26.5504093170166
"species",419,419,26.0610103607178
"species",420,420,26.052490234375
"species",421,421,26.0071392059326
"species",422,422,26.8062400817871
"species",423,423,23.9930095672607
"species",424,424,26.066520690918
"species",425,425,26.0717792510986
"species",426,426,26.0722103118896
"species",427,427,26.9187107086182
"species",428,428,24.3590908050537
"species",429,429,26.0085906982422
"species",430,430,23.8553199768066
"species",431,431,25.7462501525879
"species",432,432,23.8729400634766
"species",433,433,24.0223197937012
"species",434,434,24.1444492340088
"species",435,435,24.2533302307129
"species",436,436,24.2333106994629
"species",437,437,23.7794895172119
"species",438,438,24.1709995269775
"species",439,439,23.8063297271729
"species",440,440,23.7187404632568
"species",441,441,24.0404796600342
"species",442,442,23.9962406158447
"species",443,443,23.8013191223145
"species",444,444,23.8049697875977
"species",445,445,23.9180507659912
"species",446,446,23.8628101348877
"species",447,447,23.9242496490479
"species",448,448,24.1766796112061
"species",449,449,24.1470794677734
"species",450,450,23.9090309143066
"species",451,451,24.0525608062744
"species",452,452,23.9047698974609
"species",453,453,24.198450088501
"species",454,454,24.1207904815674
"species",455,455,23.839599609375
"species",456,456,23.9078693389893
"species",457,457,23.7705001831055
"species",458,458,23.8561496734619
"species",459,459,23.8476905822754
"species",460,460,23.6934509277344
"species",461,461,23.6857299804688
"species",462,462,23.7037601470947
"species",463,463,23.7071304321289
"species",464,464,23.670389175415
"species",465,465,21.9837398529053
"species",466,466,22.1099491119385
"species",467,467,23.6653709411621
"species",468,468,21.5433807373047
"species",469,469,23.3370304107666
"species",470,470,23.2787094116211
"species",471,471,23.6042404174805
"species",472,472,22.3478908538818
"species",473,473,21.5399799346924
"species",474,474,22.1269397735596
"species",475,475,22.6652507781982
"species",476,476,23.3887500762939
"species",477,477,20.0693492889404
"species",478,478,22.3636207580566
"species",479,479,22.3635501861572
"species",480,480,22.3004703521729
"species",481,481,22.3086204528809
"species",482,482,22.1020107269287
"species",483,483,22.181079864502
"species",484,484,22.2052402496338
"species",485,485,21.6829299926758
"species",486,486,21.3264198303223
"species",487,487,19.9186096191406
"species",488,488,20.6621208190918
"species",489,489,14.9256401062012
"species",490,490,13.2936401367188
"species",491,491,13.2934198379517
