"species","x","y","e08.SST.max","e09.SST.min"
"species",1,1,26.8527908325195,24.1766796112061
"species",2,2,11.8654899597168,5.33868980407715
"species",3,3,12.555890083313,5.15579223632812
"species",4,4,13.0290298461914,5.17049980163574
"species",5,5,13.7770900726318,4.68000507354736
"species",6,6,14.582480430603,6.04129981994629
"species",7,7,14.2481498718262,4.99651193618774
"species",8,8,13.2128896713257,5.59897422790527
"species",9,9,12.7993497848511,5.92808198928833
"species",10,10,14.0999298095703,6.50768089294434
"species",11,11,14.0206804275513,7.40806007385254
"species",12,12,13.9845104217529,6.36378908157349
"species",13,13,14.0849895477295,6.70499420166016
"species",14,14,14.2162399291992,6.38747596740723
"species",15,15,14.2532501220703,6.36073017120361
"species",16,16,13.9431600570679,7.37165784835815
"species",17,17,13.8193798065186,6.75050401687622
"species",18,18,13.8358001708984,7.29280519485474
"species",19,19,13.8887395858765,7.26374387741089
"species",20,20,13.7993497848511,7.22985982894897
"species",21,21,13.804030418396,7.20456314086914
"species",22,22,13.9610500335693,7.26204681396484
"species",23,23,13.8941602706909,7.22432804107666
"species",24,24,14.0150499343872,7.25879096984863
"species",25,25,14.0163698196411,7.24326610565186
"species",26,26,13.9136600494385,7.20061492919922
"species",27,27,14.1111402511597,7.25879192352295
"species",28,28,14.0515804290771,7.13506984710693
"species",29,29,14.1289396286011,7.25388383865356
"species",30,30,14.1312398910522,7.18374395370483
"species",31,31,14.0548896789551,7.18970918655396
"species",32,32,13.8973598480225,7.34847497940063
"species",33,33,12.7168703079224,6.72894096374512
"species",34,34,13.0374898910522,6.68585205078125
"species",35,35,13.7437601089478,7.4832878112793
"species",36,36,13.6624898910522,7.55874395370483
"species",37,37,13.6564798355103,7.49436378479004
"species",38,38,13.5374898910522,7.47374391555786
"species",39,39,15.6284599304199,6.70173501968384
"species",40,40,15.871509552002,6.72090005874634
"species",41,41,13.6022500991821,7.43002700805664
"species",42,42,13.6792802810669,7.40145206451416
"species",43,43,13.3934698104858,7.51031017303467
"species",44,44,13.583740234375,7.38624382019043
"species",45,45,13.2854995727539,7.47826099395752
"species",46,46,15.9626598358154,6.70028305053711
"species",47,47,16.9487400054932,6.81374406814575
"species",48,48,13.5607404708862,7.4049220085144
"species",49,49,17.4854393005371,6.78698587417603
"species",50,50,16.7537403106689,6.71499395370483
"species",51,51,17.6087703704834,6.76079320907593
"species",52,52,16.9442405700684,6.72847700119019
"species",53,53,13.4257698059082,7.72915887832642
"species",54,54,12.8166799545288,7.62355184555054
"species",55,55,17.7164306640625,6.72207307815552
"species",56,56,13.9399499893188,7.78772878646851
"species",57,57,17.6954097747803,6.68945217132568
"species",58,58,11.8876304626465,7.42215585708618
"species",59,59,13.914529800415,9.42865753173828
"species",60,60,11.8293800354004,7.40714597702026
"species",61,61,17.9010200500488,6.64506006240845
"species",62,62,13.9724903106689,9.36624336242676
"species",63,63,14.3312397003174,7.79749393463135
"species",64,64,17.9874897003174,6.64624404907227
"species",65,65,14.1583099365234,9.38958358764648
"species",66,66,17.9985198974609,6.5786280632019
"species",67,67,13.0577802658081,9.34294319152832
"species",68,68,13.3873796463013,9.78902053833008
"species",69,69,13.0727996826172,9.34298706054688
"species",70,70,13.4708404541016,9.83218193054199
"species",71,71,17.7549896240234,6.5511269569397
"species",72,72,17.8233509063721,6.55205583572388
"species",73,73,13.2320699691772,9.45181369781494
"species",74,74,11.6667499542236,7.3271861076355
"species",75,75,13.5262403488159,9.78124332427979
"species",76,76,17.8694095611572,6.51697015762329
"species",77,77,14.3069000244141,9.11921787261963
"species",78,78,14.5787801742554,9.04961013793945
"species",79,79,14.8828401565552,8.1012487411499
"species",80,80,18.0101795196533,6.4302830696106
"species",81,81,14.8192195892334,8.03835678100586
"species",82,82,15.152979850769,8.81049156188965
"species",83,83,15.1076698303223,8.54343700408936
"species",84,84,17.590389251709,6.45088911056519
"species",85,85,18.0748195648193,6.36590480804443
"species",86,86,17.8376598358154,6.39746999740601
"species",87,87,11.5340003967285,7.25871992111206
"species",88,88,11.6452198028564,7.25074577331543
"species",89,89,18.0738506317139,6.35446119308472
"species",90,90,17.8323402404785,6.38691902160645
"species",91,91,17.8812408447266,6.35249376296997
"species",92,92,17.4983406066895,6.43544101715088
"species",93,93,11.2699899673462,7.29749393463135
"species",94,94,18.137809753418,6.31373500823975
"species",95,95,16.8174896240234,6.55624389648438
"species",96,96,12.872859954834,7.10393476486206
"species",97,97,16.1869201660156,6.67355489730835
"species",98,98,13.7206201553345,7.01584005355835
"species",99,99,16.9554100036621,6.54900979995728
"species",100,100,14.1586103439331,6.96473121643066
"species",101,101,11.4312400817871,7.26749420166016
"species",102,102,13.3549900054932,7.06874418258667
"species",103,103,12.2372999191284,7.17620897293091
"species",104,104,18.0649700164795,6.22828912734985
"species",105,105,17.7902908325195,6.33338022232056
"species",106,106,17.7429790496826,6.34589099884033
"species",107,107,13.021240234375,7.11999416351318
"species",108,108,11.6177196502686,7.22327423095703
"species",109,109,16.2215099334717,6.70812082290649
"species",110,110,12.5289602279663,7.13766384124756
"species",111,111,12.2893295288086,7.15378999710083
"species",112,112,11.6785402297974,7.18680095672607
"species",113,113,12.5344696044922,7.13385915756226
"species",114,114,12.3199300765991,7.14600992202759
"species",115,115,13.1254901885986,7.09643983840942
"species",116,116,13.7070798873901,7.30024099349976
"species",117,117,13.4659204483032,7.06791687011719
"species",118,118,15.8988199234009,6.77860593795776
"species",119,119,13.1978702545166,7.1891770362854
"species",120,120,13.4529399871826,7.06679010391235
"species",121,121,15.7956495285034,6.79113388061523
"species",122,122,14.4439496994019,6.99046993255615
"species",123,123,12.1222095489502,7.0904369354248
"species",124,124,13.8462800979614,7.37166404724121
"species",125,125,13.4681701660156,7.05828285217285
"species",126,126,13.8437404632568,7.37027502059937
"species",127,127,13.7433795928955,7.28486776351929
"species",128,128,13.6904096603394,7.24832677841187
"species",129,129,14.8850698471069,10.700119972229
"species",130,130,13.5179996490479,7.04545879364014
"species",131,131,13.117259979248,7.06344604492188
"species",132,132,13.7649602890015,7.31319808959961
"species",133,133,13.6934404373169,7.24015617370605
"species",134,134,14.8340396881104,10.482780456543
"species",135,135,13.6274499893188,7.20698881149292
"species",136,136,12.8955698013306,7.01365518569946
"species",137,137,14.8598299026489,10.5030097961426
"species",138,138,17.1911296844482,12.0530796051025
"species",139,139,18.613109588623,12.8995399475098
"species",140,140,18.6062393188477,12.8687400817871
"species",141,141,18.7784194946289,12.9803800582886
"species",142,142,18.5781307220459,12.8317499160767
"species",143,143,18.348840713501,13.2924900054932
"species",144,144,19.0713806152344,13.181170463562
"species",145,145,19.029670715332,13.1577100753784
"species",146,146,20.1325397491455,14.2622003555298
"species",147,147,20.5125007629395,14.1494102478027
"species",148,148,20.2688694000244,14.2317399978638
"species",149,149,20.4697895050049,14.1101198196411
"species",150,150,20.5466709136963,14.1476097106934
"species",151,151,20.1838703155518,13.9212799072266
"species",152,152,20.5969390869141,14.2114295959473
"species",153,153,20.4221000671387,14.0677700042725
"species",154,154,20.9042701721191,15.933910369873
"species",155,155,20.528980255127,14.1375198364258
"species",156,156,20.7694702148438,14.2226104736328
"species",157,157,20.9885101318359,14.330849647522
"species",158,158,21.0809097290039,14.3561201095581
"species",159,159,21.2580299377441,14.4805402755737
"species",160,160,21.1644191741943,14.4718198776245
"species",161,161,21.2866992950439,14.4530897140503
"species",162,162,20.751859664917,14.4989700317383
"species",163,163,20.9471492767334,14.4232702255249
"species",164,164,20.9239101409912,14.5148897171021
"species",165,165,20.6057090759277,14.4235000610352
"species",166,166,20.7131004333496,14.5229301452637
"species",167,167,20.5693798065186,14.4533996582031
"species",168,168,20.4054298400879,14.8849802017212
"species",169,169,20.447790145874,14.4851198196411
"species",170,170,20.3671207427979,14.4972801208496
"species",171,171,20.3345203399658,14.537579536438
"species",172,172,20.2878704071045,14.5676803588867
"species",173,173,20.2087707519531,14.5491895675659
"species",174,174,20.2678203582764,14.5045700073242
"species",175,175,20.0923690795898,14.4962100982666
"species",176,176,20.201789855957,14.4904003143311
"species",177,177,19.883020401001,14.3335599899292
"species",178,178,19.8151702880859,14.2733001708984
"species",179,179,19.8077697753906,14.1463098526001
"species",180,180,19.9453601837158,14.211199760437
"species",181,181,20.063289642334,14.3810501098633
"species",182,182,19.8152294158936,14.294469833374
"species",183,183,21.9112606048584,15.5119199752808
"species",184,184,21.9444198608398,15.5292997360229
"species",185,185,21.646369934082,15.4585800170898
"species",186,186,21.9992809295654,15.5606203079224
"species",187,187,22.4970397949219,15.3975200653076
"species",188,188,22.6562404632568,14.9787397384644
"species",189,189,21.4179000854492,15.0444202423096
"species",190,190,21.505729675293,15.1443395614624
"species",191,191,23.6560897827148,15.3891401290894
"species",192,192,22.7417907714844,16.0578498840332
"species",193,193,22.7870597839355,16.0618000030518
"species",194,194,22.9455394744873,15.9925899505615
"species",195,195,22.9717597961426,15.999119758606
"species",196,196,22.9704208374023,15.9948902130127
"species",197,197,25.1807804107666,16.0620002746582
"species",198,198,17.8936805725098,12.9527597427368
"species",199,199,17.8685493469238,12.8781204223633
"species",200,200,17.9095802307129,12.8891296386719
"species",201,201,17.9535503387451,12.910849571228
"species",202,202,18.694429397583,13.4115695953369
"species",203,203,18.5068206787109,12.8135004043579
"species",204,204,16.7612400054932,9.67874336242676
"species",205,205,16.8248901367188,9.64979553222656
"species",206,206,16.8360805511475,9.6764497756958
"species",207,207,16.7224807739258,9.60100841522217
"species",208,208,22.9540596008301,15.1787996292114
"species",209,209,20.3316497802734,12.4795198440552
"species",210,210,20.5713405609131,12.4688501358032
"species",211,211,16.9024906158447,8.14874362945557
"species",212,212,16.6729907989502,8.98821544647217
"species",213,213,15.9863901138306,9.67008972167969
"species",214,214,16.509090423584,8.99353885650635
"species",215,215,16.060619354248,9.63571453094482
"species",216,216,16.4915599822998,8.98647785186768
"species",217,217,16.1719703674316,9.57669258117676
"species",218,218,21.3416690826416,12.3681898117065
"species",219,219,21.5059299468994,12.3405103683472
"species",220,220,16.7366409301758,8.36382007598877
"species",221,221,21.9249897003174,12.2349901199341
"species",222,222,17.0025100708008,8.12856483459473
"species",223,223,17.6216907501221,8.49884986877441
"species",224,224,17.1653499603271,8.02500438690186
"species",225,225,22.0896892547607,12.1099100112915
"species",226,226,17.3274898529053,7.851243019104
"species",227,227,17.3555107116699,7.87559604644775
"species",228,228,17.0874900817871,8.8462438583374
"species",229,229,22.1555194854736,11.9187297821045
"species",230,230,20.2841606140137,9.18927574157715
"species",231,231,17.9952697753906,7.21715021133423
"species",232,232,18.0566501617432,7.12197780609131
"species",233,233,18.0234298706055,7.18094301223755
"species",234,234,18.0035190582275,7.18874883651733
"species",235,235,17.8745708465576,7.83343505859375
"species",236,236,18.0365905761719,7.14096784591675
"species",237,237,18.0481204986572,7.11896991729736
"species",238,238,18.012659072876,7.16192483901978
"species",239,239,17.9606304168701,7.19464492797852
"species",240,240,17.5258598327637,7.51105499267578
"species",241,241,17.2842197418213,7.70219993591309
"species",242,242,17.2591495513916,7.65850400924683
"species",243,243,18.5035800933838,5.79438304901123
"species",244,244,18.5638408660889,5.57179880142212
"species",245,245,18.4174900054932,5.77624416351318
"species",246,246,18.1599407196045,6.15885400772095
"species",247,247,17.5876998901367,7.01975393295288
"species",248,248,18.0199909210205,6.33624410629272
"species",249,249,17.6137409210205,7.27874422073364
"species",250,250,25.756160736084,12.9933395385742
"species",251,251,16.2500991821289,4.05398511886597
"species",252,252,16.4277000427246,3.94783091545105
"species",253,253,17.5136394500732,3.46967506408691
"species",254,254,17.5281505584717,3.45116400718689
"species",255,255,18.3546504974365,3.77042198181152
"species",256,256,17.6203899383545,3.3529269695282
"species",257,257,17.640230178833,3.26183295249939
"species",258,258,17.6308898925781,3.34344792366028
"species",259,259,17.7003707885742,3.21310710906982
"species",260,260,17.6887397766113,3.1474940776825
"species",261,261,17.7195796966553,3.1904079914093
"species",262,262,17.4901103973389,3.11409997940063
"species",263,263,17.7653694152832,3.13433909416199
"species",264,264,17.4527492523193,3.23804903030396
"species",265,265,17.4727191925049,3.17995190620422
"species",266,266,17.1738090515137,3.8753490447998
"species",267,267,18.5145397186279,2.7142219543457
"species",268,268,17.5816402435303,2.96124410629272
"species",269,269,17.6029396057129,2.91765189170837
"species",270,270,17.5141296386719,3.06211304664612
"species",271,271,17.4315490722656,3.26499700546265
"species",272,272,17.4096202850342,3.42894601821899
"species",273,273,18.0999908447266,2.51374411582947
"species",274,274,17.5301704406738,3.11887407302856
"species",275,275,17.6257991790771,2.85384297370911
"species",276,276,18.2295207977295,2.0806930065155
"species",277,277,17.432149887085,3.64334607124329
"species",278,278,17.4170799255371,3.70465707778931
"species",279,279,18.3575897216797,1.83768105506897
"species",280,280,17.9489307403564,2.4425060749054
"species",281,281,18.0276298522949,2.28912496566772
"species",282,282,17.7362194061279,2.75387501716614
"species",283,283,17.9192504882812,2.49796009063721
"species",284,284,18.2073707580566,1.75372004508972
"species",285,285,18.2304306030273,1.97409105300903
"species",286,286,18.2024898529053,2.02124404907227
"species",287,287,18.2650508880615,1.96705305576324
"species",288,288,18.3862705230713,1.81502902507782
"species",289,289,18.3354301452637,1.88164103031158
"species",290,290,18.9106101989746,1.58499801158905
"species",291,291,25.9825496673584,8.67720890045166
"species",292,292,25.9659805297852,8.71978187561035
"species",293,293,18.5897693634033,1.46692001819611
"species",294,294,25.9674301147461,4.18693590164185
"species",295,295,25.998649597168,4.1559100151062
"species",296,296,24.5733795166016,2.92439603805542
"species",297,297,26.7563705444336,11.938159942627
"species",298,298,27.286600112915,13.6405096054077
"species",299,299,27.1846694946289,13.598219871521
"species",300,300,28.1077899932861,17.0735607147217
"species",301,301,27.0161209106445,13.7617998123169
"species",302,302,27.1662406921387,12.4712400436401
"species",303,303,26.8278007507324,13.2540502548218
"species",304,304,26.5725593566895,15.900050163269
"species",305,305,24.2426109313965,12.8118495941162
"species",306,306,24.1474895477295,12.6787395477295
"species",307,307,24.1931800842285,12.707070350647
"species",308,308,24.0727291107178,12.5264196395874
"species",309,309,24.0103302001953,12.3985795974731
"species",310,310,23.9231090545654,12.2063398361206
"species",311,311,23.8914909362793,12.1095600128174
"species",312,312,23.8331203460693,11.9319295883179
"species",313,313,23.7723808288574,11.7531003952026
"species",314,314,23.857759475708,7.11112213134766
