"species","x","y","e08.SST.max","e09.SST.min","e07.SAL.me","e03.NIT.max","e04.NIT.min","e05.PHO.max","e06.PHO.min"
"species",1,1,17.2476902008057,11.1582498550415,35.242790222168,6.86107301712036,1.90915894508362,0.65217798948288,0.331360012292862
"species",2,2,17.6641597747803,11.986720085144,35.2649688720703,7.08521413803101,0.435613989830017,0.676707029342651,0.248035997152328
"species",3,3,17.7145805358887,12.0927200317383,35.2662200927734,6.87185096740723,0.306657999753952,0.663266003131866,0.240840002894402
"species",4,4,18.1202201843262,12.2751398086548,35.3398399353027,6.83997201919556,0.0285940002650023,0.664792001247406,0.232537999749184
"species",5,5,16.5286998748779,11.6821899414062,34.9254112243652,5.56127214431763,0.168402999639511,0.604893028736115,0.201750993728638
"species",6,6,19.6956901550293,12.4475402832031,35.2011909484863,3.08985090255737,0.131484001874924,0.420846998691559,0.210032999515533
"species",7,7,18.7603397369385,13.4842195510864,35.5989303588867,1.67229104042053,0.000557999999728054,0.345418006181717,0.215737000107765
"species",8,8,19.7857608795166,12.3079204559326,35.7013511657715,0.191738992929459,0,0.266777008771896,0.229868993163109
"species",9,9,20.0768299102783,12.0443296432495,35.6895599365234,0.326595991849899,9.99999997475243e-07,0.275508999824524,0.226153999567032
"species",10,10,20.5031108856201,11.4781303405762,35.6786689758301,0.346572011709213,9.99999997475243e-07,0.276587009429932,0.225777998566628
"species",11,11,20.555570602417,11.4365797042847,35.6874618530273,0.345450013875961,9.99999997475243e-07,0.276506990194321,0.225812003016472
"species",12,12,21.2274894714355,10.9149904251099,35.6932716369629,0.274729996919632,9.99999997475243e-07,0.271887987852097,0.227739006280899
"species",13,13,21.0112400054932,11.0605401992798,35.6938896179199,0.249513000249863,9.99999997475243e-07,0.270787000656128,0.228438004851341
"species",14,14,21.1924896240234,13.1212396621704,35.4416809082031,5.67004203796387,0.115001998841763,0.626583993434906,0.260906994342804
"species",15,15,21.2937393188477,13.186240196228,35.5096893310547,6.1221170425415,0.127454996109009,0.65683901309967,0.263545989990234
"species",16,16,21.1196193695068,13.2829704284668,35.401969909668,5.04293584823608,0.0977310016751289,0.585114002227783,0.256906986236572
"species",17,17,21.1446208953857,13.3299999237061,35.4446907043457,4.81232118606567,0.087507002055645,0.570358991622925,0.255919992923737
"species",18,18,21.0791797637939,13.3893804550171,35.4034614562988,3.15038895606995,0.0524859987199306,0.456827998161316,0.243149995803833
"species",19,19,21.2225303649902,13.4139003753662,35.5110092163086,5.02080917358398,0.0910530015826225,0.584670007228851,0.256920009851456
"species",20,20,20.9919490814209,14.687370300293,35.5170097351074,2.40960693359375,0.00192199996672571,0.412306010723114,0.231782004237175
"species",21,21,20.9960403442383,14.7684202194214,35.522289276123,2.23809695243835,0.00176899996586144,0.404161006212234,0.232187002897263
"species",22,22,28.4288501739502,17.2618408203125,33.9659004211426,2.32268095016479,0.00882500037550926,0.381319999694824,0.108076997101307
"species",23,23,20.2087707519531,14.5491895675659,33.4399299621582,6.47616100311279,0.892673015594482,0.916074991226196,0.527565002441406
"species",24,24,20.2878704071045,14.5676803588867,33.4328498840332,6.2608380317688,0.855859994888306,0.89895498752594,0.524613976478577
"species",25,25,27.2999706268311,13.1159400939941,33.7041893005371,1.31867897510529,0.0296059995889664,0.301225990056992,0.0186819992959499
"species",26,26,26.7476291656494,13.9090700149536,33.0846481323242,0.78330397605896,0.15777400135994,0.542630016803741,0.282130002975464
"species",27,27,26.7707290649414,13.8401699066162,33.0866508483887,1.37430095672607,0.29737600684166,0.715191006660461,0.341203987598419
"species",28,28,27.1846694946289,13.598219871521,33.6095199584961,0.37643900513649,0.0230429992079735,0.255495011806488,0.0851960033178329
"species",29,29,18.3928108215332,12.7235202789307,33.4388809204102,9.63719177246094,2.55085206031799,1.12507605552673,0.609107971191406
"species",30,30,26.8278007507324,13.2540502548218,33.1053314208984,1.57299697399139,0.397877007722855,0.801240026950836,0.350923985242844
"species",31,31,26.8524703979492,13.1478500366211,33.1017189025879,1.7013920545578,0.433468997478485,0.834506988525391,0.358060002326965
"species",32,32,27.1662406921387,12.4712400436401,33.1786193847656,0.498995989561081,0.183669000864029,0.477396994829178,0.240285992622375
"species",33,33,26.4754104614258,15.2985496520996,34.0618515014648,4.07697486877441,0.0620669983327389,0.521113991737366,0.214003995060921
"species",34,34,26.4815406799316,15.1609802246094,33.9837989807129,4.41619682312012,0.0873190015554428,0.553075015544891,0.21568900346756
"species",35,35,26.3562393188477,15.8099899291992,33.8962707519531,4.73772287368774,0.174266993999481,0.561901986598969,0.23981100320816
"species",36,36,26.4000797271729,14.4197101593018,33.1181182861328,6.30959415435791,0.591073989868164,0.913021981716156,0.419741004705429
"species",37,37,26.3911590576172,14.4642496109009,33.1245918273926,6.50548410415649,0.661412000656128,0.95209401845932,0.437615990638733
"species",38,38,27.4005107879639,10.9409198760986,33.4973487854004,1.53748595714569,0.0441090017557144,0.295506000518799,0.00893700029700994
"species",39,39,26.5091590881348,13.9448795318604,33.476490020752,5.83465480804443,0.539039015769958,0.804953992366791,0.369341999292374
"species",40,40,25.9674301147461,4.18693590164185,27.6957397460938,17.7664394378662,1.22430801391602,0.0232740007340908,0.00140900001861155
"species",41,41,25.9795799255371,4.24257707595825,27.7217807769775,17.984769821167,1.22516202926636,0.0205550007522106,0.000949000008404255
"species",42,42,25.998649597168,4.1559100151062,27.7492408752441,17.6356906890869,1.16639494895935,0.0203760005533695,0.000816999992821366
"species",43,43,26.771900177002,11.8336696624756,33.5052795410156,1.78662896156311,0.000630000024102628,0.334973007440567,0.0115139996632934
"species",44,44,24.2426109313965,12.8118495941162,33.6213111877441,3.64556789398193,0.147352993488312,0.473138988018036,0.133834004402161
"species",45,45,24.1474895477295,12.6787395477295,33.5916900634766,3.55255389213562,0.124047003686428,0.466639995574951,0.126061007380486
"species",46,46,24.1931800842285,12.707070350647,33.5798683166504,3.2974579334259,0.108213998377323,0.451018989086151,0.117556996643543
"species",47,47,24.0727291107178,12.5264196395874,33.5913391113281,3.42786598205566,0.0781309977173805,0.456196010112762,0.116065002977848
"species",48,48,24.0103302001953,12.3985795974731,33.5840492248535,3.49825310707092,0.0659580007195473,0.458283007144928,0.116727001965046
"species",49,49,23.9231090545654,12.2063398361206,33.5961494445801,3.49414992332458,0.0531460009515285,0.456041991710663,0.115938000380993
"species",50,50,23.8331203460693,11.9319295883179,33.5873107910156,3.42597508430481,0.0552649982273579,0.450639009475708,0.113880001008511
"species",51,51,23.8914909362793,12.1095600128174,33.5387191772461,3.45733404159546,0.0538990013301373,0.453148990869522,0.115137003362179
"species",52,52,23.7723808288574,11.7531003952026,33.533260345459,3.40658807754517,0.0548770017921925,0.447946012020111,0.112575002014637
"species",53,53,24.5733795166016,2.92439603805542,27.3156890869141,5.66302490234375,0.0919170007109642,0.0202859994024038,8.19999986561015e-05
"species",54,54,24.2603492736816,9.28783798217773,33.0076789855957,1.62033998966217,0.0209149997681379,0.290708988904953,0.0132280001416802
"species",55,55,26.5370903015137,9.41900062561035,33.1153793334961,1.09260904788971,0.021348999813199,0.22257399559021,0.0305979996919632
"species",56,56,26.5674896240234,9.38249397277832,33.2169799804688,1.08326900005341,0.0137419998645782,0.223857998847961,0.0367179997265339
"species",57,57,23.9298801422119,7.15009498596191,32.9949111938477,2.00808501243591,0.0605340003967285,0.338465988636017,0.103560999035835
"species",58,58,21.8182907104492,4.32372617721558,33.1186408996582,4.36148500442505,0.0121839996427298,0.551732003688812,0.179251998662949
"species",59,59,17.8452606201172,12.8467397689819,35.3593597412109,1.87400496006012,0.0490350015461445,0.156574994325638,0.0190949998795986
"species",60,60,17.8685493469238,12.8781204223633,35.315990447998,1.90575897693634,0.0513279996812344,0.15718699991703,0.0188239999115467
"species",61,61,21.730619430542,0.461838006973267,32.9009284973145,1.01884698867798,0.00680299988016486,0.255234003067017,0.109062001109123
"species",62,62,22.0008506774902,3.11575603485107,33.0189590454102,2.53255391120911,0.00509299989789724,0.438793003559113,0.20618699491024
"species",63,63,21.9983100891113,11.7370300292969,37.499828338623,1.18657195568085,0.0212099999189377,0.0254129990935326,7.89999976404943e-05
"species",64,64,21.7140693664551,-0.714630007743835,32.8767204284668,1.13630497455597,0.0444400012493134,0.258803009986877,0.143489003181458
"species",65,65,22.6375007629395,4.4577579498291,32.9261703491211,1.74868404865265,0.0920820012688637,0.246215000748634,0.112380996346474
"species",66,66,22.663480758667,4.63976097106934,33.012279510498,1.61656296253204,0.0549799986183643,0.24906000494957,0.123685002326965
"species",67,67,20.6328392028809,12.4632301330566,35.4787406921387,0.901103019714355,0.0154780000448227,0.113649003207684,0.000719000003300607
"species",68,68,20.3505096435547,12.4770202636719,35.5084381103516,1.0000809431076,0.0175620000809431,0.122055001556873,0.00183099997229874
"species",69,69,25.9825496673584,8.67720890045166,32.0110015869141,4.34050703048706,0.0578829981386662,0.463865995407104,0.147300004959106
"species",70,70,25.9659805297852,8.71978187561035,32.0359306335449,3.80395793914795,0.067783996462822,0.416866987943649,0.143195003271103
"species",71,71,17.5708599090576,7.07492017745972,34.0660514831543,0.634571015834808,0.0586460009217262,0.516111016273499,0.254936009645462
"species",72,72,17.775390625,6.80490016937256,34.1602096557617,0.575398027896881,0.0234089996665716,0.566518008708954,0.264726012945175
"species",73,73,18.5638408660889,5.57179880142212,34.0765609741211,2.72058200836182,0.177168995141983,1.33141005039215,0.566268026828766
