"species","x","y","e08.SST.max","e09.SST.min","e07.SAL.me","e03.NIT.max","e04.NIT.min","e05.PHO.max","e06.PHO.min"
"species",1,1,22.5182399749756,16.2034091949463,35.5875282287598,2.50278091430664,0.0253810007125139,0.420224010944366,0.265893995761871
"species",2,2,22.4951305389404,16.1818008422852,35.5845108032227,2.47002911567688,0.020651999861002,0.418361991643906,0.266032010316849
"species",3,3,22.5234107971191,16.1974105834961,35.5804595947266,2.42376589775085,0.0183039996773005,0.416036009788513,0.266409009695053
"species",4,4,22.4578495025635,12.8864402770996,36.1603889465332,0.0366070009768009,0.000151000000187196,0.276214987039566,0.229388996958733
"species",5,5,22.5691204071045,12.8293600082397,36.20458984375,0.0447160005569458,0.000176000001374632,0.286603987216949,0.232163995504379
"species",6,6,20.9437408447266,17.0062408447266,35.6025009155273,0.554427981376648,0.00121699995361269,0.233843997120857,0.190132007002831
"species",7,7,23.201789855957,17.200870513916,35.534610748291,1.85430705547333,0.0333940014243126,0.395943999290466,0.275795996189117
"species",8,8,23.2936305999756,17.302059173584,35.5334396362305,1.83923602104187,0.0410480014979839,0.395520985126495,0.277411997318268
"species",9,9,23.2603492736816,17.3483505249023,35.543399810791,1.73068296909332,0.0371210016310215,0.390525996685028,0.275626003742218
"species",10,10,23.1628894805908,17.2465190887451,35.5348205566406,1.76100301742554,0.0385579988360405,0.392717987298965,0.276528000831604
"species",11,11,23.0998497009277,17.2824592590332,35.5272903442383,1.51406896114349,0.0350610017776489,0.384025990962982,0.273063987493515
"species",12,12,22.5099906921387,16.2324905395508,35.594409942627,0.00633900007233024,5.7000001106644e-05,0.195884004235268,0.186912998557091
"species",13,13,22.4286708831787,16.5787696838379,35.5973701477051,0.00528400018811226,4.09999993280508e-05,0.195861995220184,0.186868995428085
"species",14,14,22.8949909210205,17.4049892425537,35.5236282348633,1.27026605606079,0.0168270003050566,0.364668011665344,0.264537006616592
"species",15,15,22.9594192504883,17.9401302337646,35.549259185791,0.171205997467041,0.000996000017039478,0.207829996943474,0.18708199262619
"species",16,16,23.0140495300293,17.9315795898438,35.547248840332,0.175261005759239,0.00101200002245605,0.208710998296738,0.187132000923157
"species",17,17,23.0287399291992,17.9537391662598,35.5454483032227,0.173857003450394,0.00102299998980016,0.210556000471115,0.187233000993729
"species",18,18,23.0461692810059,18.048189163208,35.5285987854004,0.169686004519463,0.00102700002025813,0.210918992757797,0.187250003218651
"species",19,19,23.0318698883057,18.2327499389648,35.5290184020996,0.163791000843048,0.000999000039882958,0.211777999997139,0.187253996729851
"species",20,20,23.0390491485596,18.0754909515381,35.5265197753906,0.149603992700577,0.000912000017706305,0.210298001766205,0.187154993414879
"species",21,21,23.0349407196045,18.3365001678467,35.534538269043,0.206015005707741,0.00126000004820526,0.216213002800941,0.187548995018005
"species",22,22,23.0373592376709,18.1789894104004,35.5123710632324,0.128610998392105,0.000959000026341528,0.209952995181084,0.187200993299484
"species",23,23,22.9699897766113,18.3062400817871,35.5093002319336,0.081445001065731,0.000818000000435859,0.206486001610756,0.186754003167152
"species",24,24,24.67214012146,18.9768295288086,35.6281089782715,1.70158004760742,1.99999999495049e-06,0.374352991580963,0.254316985607147
"species",25,25,24.6594791412354,18.9474105834961,35.6287307739258,1.69874894618988,1.99999999495049e-06,0.373917013406754,0.253861993551254
"species",26,26,23.1022396087646,18.68284034729,35.5002288818359,0.0442759990692139,0.000702999997884035,0.202728003263474,0.18631699681282
"species",27,27,23.1396198272705,18.8018093109131,35.4866714477539,0.0319139994680882,0.000508000026457012,0.200094997882843,0.185756996273994
"species",28,28,23.1453800201416,18.7813491821289,35.4749794006348,0.0177740007638931,0.000349000009009615,0.197332993149757,0.185241997241974
"species",29,29,23.4990196228027,19.5062007904053,35.4398918151855,0.0091789998114109,0.00017699999443721,0.193489000201225,0.184185996651649
"species",30,30,23.5057601928711,19.540599822998,35.4357604980469,0.00827000010758638,0.000115000002551824,0.193452998995781,0.184089004993439
"species",31,31,26.081750869751,21.1837501525879,35.2599906921387,0.980560004711151,0.0163310002535582,0.281010985374451,0.196860000491142
"species",32,32,23.5049095153809,19.5440692901611,35.4179496765137,0.00582099985331297,9.20000020414591e-05,0.193425998091698,0.183941006660461
"species",33,33,25.7411403656006,20.6927890777588,35.1764907836914,0.841974020004272,0.0205409992486238,0.276946991682053,0.180705994367599
"species",34,34,23.790620803833,19.1238193511963,35.3001403808594,0.0021949999500066,4.70000013592653e-05,0.192957997322083,0.182933002710342
"species",35,35,23.8094692230225,19.0921001434326,35.3052406311035,0.00213799998164177,4.50000006821938e-05,0.192973002791405,0.182963997125626
"species",36,36,23.9574909210205,18.8374900817871,35.3008117675781,0.00223800004459918,3.70000016118865e-05,0.192807003855705,0.182652994990349
"species",37,37,23.8952693939209,18.879940032959,35.7312202453613,0.996899008750916,0.000117000003228895,0.318138003349304,0.240208998322487
"species",38,38,24.3569202423096,20.3087997436523,35.3359298706055,0.00112999998964369,9.99999997475243e-07,0.193205997347832,0.182563006877899
"species",39,39,24.3950691223145,20.392749786377,35.3219299316406,0.00177099998109043,9.99999997475243e-07,0.193421006202698,0.182585000991821
"species",40,40,27.1936798095703,21.9951305389404,35.2290802001953,0.83909797668457,0.0587159991264343,0.251551985740662,0.196068003773689
"species",41,41,26.3114604949951,20.4683799743652,35.4202308654785,0.188370004296303,0.00781499966979027,0.294292002916336,0.271459996700287
"species",42,42,27.4020500183105,22.2990608215332,35.2511291503906,0.554970026016235,0.016610000282526,0.23555800318718,0.18885900080204
"species",43,43,27.3892707824707,22.2914600372314,35.2351913452148,0.594298005104065,0.025373000651598,0.237305998802185,0.191054001450539
"species",44,44,26.3407096862793,20.4791297912598,35.4144287109375,0.188158005475998,0.00813800003379583,0.294046998023987,0.271358996629715
"species",45,45,26.4251194000244,20.4542102813721,35.4119682312012,0.191935002803802,0.00728099979460239,0.293848991394043,0.271124988794327
"species",46,46,26.3596801757812,20.1352806091309,35.4131202697754,0.184735998511314,0.00635599996894598,0.293603003025055,0.27114799618721
"species",47,47,26.3199901580811,19.8924903869629,35.4138984680176,0.180612996220589,0.00602200021967292,0.293354988098145,0.271104007959366
"species",48,48,26.4303607940674,20.2589092254639,35.4048385620117,0.178701996803284,0.00681499997153878,0.293007999658585,0.271037012338638
"species",49,49,26.386100769043,20.0572891235352,35.4273109436035,0.146947994828224,0.00530399987474084,0.291936010122299,0.270913988351822
"species",50,50,26.4615306854248,19.9152793884277,35.4273414611816,0.136728003621101,0.00468100002035499,0.291568011045456,0.270924985408783
"species",51,51,27.3313007354736,22.2678394317627,35.2000999450684,0.430213004350662,0.00722299981862307,0.224282994866371,0.18682199716568
"species",52,52,26.4373893737793,20.0579795837402,35.4173698425293,0.181466996669769,0.00518799992278218,0.293565005064011,0.271050006151199
"species",53,53,26.5391902923584,19.9810905456543,35.4171409606934,0.150734007358551,0.00337500008754432,0.292133003473282,0.270590990781784
"species",54,54,27.3378295898438,22.2632293701172,35.2014312744141,0.414373010396957,0.00642600003629923,0.222711995244026,0.186618998646736
"species",55,55,26.5870704650879,20.6246109008789,35.3995094299316,0.212244004011154,0.00381199992261827,0.294710993766785,0.270599007606506
"species",56,56,26.6124897003174,20.9712390899658,35.3837699890137,0.272713005542755,0.00329399993643165,0.297356992959976,0.270402014255524
"species",57,57,26.5590896606445,19.8623104095459,35.4254188537598,0.106259003281593,0.00272600003518164,0.290793001651764,0.271039992570877
"species",58,58,26.5808601379395,20.2223491668701,35.4023094177246,0.171301007270813,0.00308900000527501,0.292670994997025,0.270321995019913
"species",59,59,27.3518905639648,22.271110534668,35.1952781677246,0.413185000419617,0.00588800013065338,0.222402006387711,0.186678007245064
"species",60,60,26.5356006622314,19.6200103759766,35.4198913574219,0.0922219976782799,0.00185999996028841,0.288969993591309,0.269097000360489
"species",61,61,26.5844707489014,20.0612201690674,35.410530090332,0.121742002665997,0.00197799992747605,0.290497004985809,0.269234985113144
"species",62,62,26.5199909210205,19.2624893188477,35.4147911071777,0.0769120007753372,0.00162899994757026,0.28778201341629,0.26792699098587
"species",63,63,26.4684791564941,20.0073699951172,35.3955001831055,0.0636690035462379,0.00120399997103959,0.285382002592087,0.264721006155014
"species",64,64,26.4555797576904,20.2211399078369,35.3958396911621,0.0449180006980896,0.000864000001456589,0.283387988805771,0.262858986854553
"species",65,65,26.4601192474365,20.286470413208,35.395938873291,0.0350279994308949,0.000758000009227544,0.282476991415024,0.262019991874695
"species",66,66,26.396240234375,20.1574897766113,35.3973007202148,0.0352969989180565,0.000745000026654452,0.282465994358063,0.261936008930206
"species",67,67,26.5879497528076,20.3757495880127,35.389820098877,0.0542390011250973,0.000921999977435917,0.283484011888504,0.260659009218216
"species",68,68,26.6105804443359,20.4899101257324,35.3862800598145,0.0604959987103939,0.00135799997951835,0.283802002668381,0.260428011417389
"species",69,69,26.6562805175781,20.2941703796387,35.4098701477051,0.0625649988651276,0.000931999995373189,0.282835990190506,0.252553999423981
"species",70,70,27.1905193328857,18.7516593933105,35.5539283752441,0.0393939986824989,0.000176000001374632,0.277687013149261,0.218857005238533
"species",71,71,27.1273899078369,20.3492794036865,35.4382591247559,0.0151190003380179,9.99999974737875e-06,0.279691010713577,0.259790003299713
"species",72,72,27.1161308288574,20.2347202301025,35.4627914428711,0.0177619997411966,3.19999999192078e-05,0.279356986284256,0.255322992801666
"species",73,73,27.1323509216309,20.6442699432373,35.410758972168,0.0484279990196228,1.10000000859145e-05,0.281421005725861,0.261238008737564
"species",74,74,27.1308193206787,20.0883407592773,35.4803085327148,0.0199040006846189,9.99999974737875e-05,0.277897000312805,0.2430350035429
"species",75,75,27.2541599273682,21.5428295135498,35.3612594604492,0.0762510001659393,7.00000009601354e-06,0.282981008291245,0.265572994947433
"species",76,76,27.2291507720947,21.3903408050537,35.3526000976562,0.100213997066021,7.00000009601354e-06,0.284061998128891,0.265608996152878
"species",77,77,27.1621799468994,20.0425891876221,35.4779014587402,0.0172279998660088,6.90000015310943e-05,0.277786999940872,0.242660999298096
"species",78,78,27.1502208709717,20.904670715332,35.4213104248047,0.046179998666048,9.0000003183377e-06,0.280723005533218,0.259306997060776
"species",79,79,27.1718807220459,19.9864807128906,35.4545783996582,0.0291889999061823,0.000115000002551824,0.27776101231575,0.240667998790741
"species",80,80,27.318790435791,19.5879306793213,35.369499206543,0.0804779976606369,0.0003969999961555,0.277307987213135,0.220718994736671
"species",81,81,27.3323307037354,19.5744094848633,35.3810195922852,0.076944999396801,0.000430999993113801,0.277296990156174,0.221080005168915
"species",82,82,27.2054595947266,21.1407203674316,35.4493217468262,0.0115470001474023,3.00000010611257e-06,0.278667002916336,0.255991011857986
"species",83,83,27.2199802398682,21.2389907836914,35.4332809448242,0.0340280011296272,9.99999997475243e-07,0.280111998319626,0.260657012462616
"species",84,84,27.2529602050781,20.9243392944336,35.4501495361328,0.00673899985849857,1.99999999495049e-06,0.278605997562408,0.256511986255646
"species",85,85,27.4620990753174,19.9582500457764,35.3935089111328,0.0851629972457886,0.000777999986894429,0.277186006307602,0.208896994590759
"species",86,86,27.2991409301758,23.0116405487061,35.9562301635742,3.19999999192078e-05,0,0.265022993087769,0.252676010131836
"species",87,87,27.2877807617188,22.9955596923828,35.9575691223145,3.19999999192078e-05,0,0.265062004327774,0.252611011266708
"species",88,88,27.2825794219971,22.9901695251465,35.9588088989258,3.40000005962793e-05,0,0.265915989875793,0.252882987260818
"species",89,89,27.4605293273926,20.0192394256592,35.398738861084,0.0892620012164116,0.000780000002123415,0.277208000421524,0.209096997976303
"species",90,90,27.3124904632568,23.0037403106689,35.9589691162109,3.30000002577435e-05,0,0.26621600985527,0.25365999341011
"species",91,91,27.5387992858887,22.3076190948486,34.8851699829102,0.00172099994961172,6.00000021222513e-06,0.193165004253387,0.172530993819237
"species",92,92,27.3274898529053,21.1449909210205,35.4467010498047,0.00408599991351366,3.00000010611257e-06,0.278625994920731,0.25627601146698
"species",93,93,26.5323696136475,22.3249607086182,35.2827682495117,0.0472370013594627,3.00000010611257e-06,0.269578993320465,0.259644001722336
"species",94,94,26.546630859375,22.3200092315674,35.2784385681152,0.0440910011529922,3.00000010611257e-06,0.269421994686127,0.259748995304108
"species",95,95,26.5394992828369,22.3181400299072,35.2717094421387,0.0510750003159046,3.99999998990097e-06,0.269836992025375,0.259608000516891
"species",96,96,27.8862800598145,22.4246597290039,34.8605613708496,0.00680699991062284,1.20000004244503e-05,0.193139001727104,0.171727001667023
"species",97,97,26.5679607391357,22.2971591949463,35.2869415283203,0.0407470017671585,1.80000006366754e-05,0.269221991300583,0.259797990322113
"species",98,98,26.7949905395508,22.5583591461182,35.2217102050781,0.053872000426054,9.99999997475243e-07,0.269980996847153,0.259808987379074
"species",99,99,26.5545597076416,22.3166809082031,35.2720909118652,0.0474199987947941,2.09999998332933e-05,0.269623011350632,0.259647011756897
"species",100,100,26.9527397155762,22.6534996032715,35.2173881530762,0.053727999329567,9.99999997475243e-07,0.269962996244431,0.259799987077713
"species",101,101,27.9947891235352,22.7034397125244,34.8616600036621,0.0127410003915429,1.70000002981396e-05,0.193431004881859,0.171780005097389
"species",102,102,26.6893405914307,22.3494205474854,35.2958793640137,0.0313859991729259,4.99999987368938e-06,0.268747985363007,0.260212004184723
"species",103,103,26.5940799713135,22.2976493835449,35.2611885070801,0.0448880009353161,2.40000008489005e-05,0.269470989704132,0.259719997644424
"species",104,104,26.6357402801514,22.3142604827881,35.286018371582,0.0361489988863468,2.2000000171829e-05,0.268947005271912,0.259936988353729
"species",105,105,26.646240234375,22.3124904632568,35.2851181030273,0.0272979997098446,3.19999999192078e-05,0.268393993377686,0.260154008865356
"species",106,106,26.7194900512695,22.4957599639893,35.2160301208496,0.0596599988639355,3.99999998990097e-06,0.270529985427856,0.259723991155624
"species",107,107,28.0024890899658,22.7199897766113,34.8597793579102,0.0135260000824928,1.99999994947575e-05,0.193516001105309,0.171623006463051
"species",108,108,26.7025394439697,22.3254909515381,35.2746505737305,0.0273729991167784,3.9999998989515e-05,0.268391013145447,0.260136991739273
"species",109,109,26.622709274292,22.3110694885254,35.2380905151367,0.0443740002810955,4.50000006821938e-05,0.269450008869171,0.259629011154175
"species",110,110,26.7608108520508,22.3561191558838,35.2861404418945,0.0230810008943081,4.09999993280508e-05,0.268193989992142,0.260365009307861
"species",111,111,26.866039276123,22.6191902160645,35.1838493347168,0.0549600012600422,3.00000010611257e-06,0.270283997058868,0.259819000959396
"species",112,112,26.9234199523926,22.6590900421143,35.1806983947754,0.0520199984312057,1.99999999495049e-06,0.270298004150391,0.259894013404846
"species",113,113,26.8792705535889,22.4382305145264,35.2931900024414,0.0205780006945133,0.000151000000187196,0.267994999885559,0.260363012552261
"species",114,114,26.6815299987793,22.3154697418213,35.2559585571289,0.0372469983994961,2.59999997069826e-05,0.269008994102478,0.259902000427246
"species",115,115,26.8156795501709,22.355749130249,35.2627792358398,0.0218529999256134,0.000218999994103797,0.267969012260437,0.260159999132156
"species",116,116,26.8139400482178,22.3664093017578,35.2563095092773,0.0318720005452633,6.80000011925586e-05,0.268615007400513,0.259936988353729
"species",117,117,26.7921600341797,22.3864307403564,35.2197303771973,0.0395470000803471,8.19999986561015e-05,0.26910200715065,0.259656012058258
"species",118,118,26.8960800170898,22.413179397583,35.283088684082,0.0164609998464584,0.000232000005780719,0.267677992582321,0.260349988937378
"species",119,119,26.8296794891357,22.3446502685547,35.2288284301758,0.0240240003913641,0.00028599999495782,0.26807901263237,0.259979009628296
"species",120,120,26.8166999816895,22.3870601654053,35.2124900817871,0.0380860008299351,0.000127999999676831,0.269161999225616,0.259555011987686
"species",121,121,26.9699897766113,22.427490234375,35.2799911499023,0.0129230003803968,0.000400999997509643,0.267392992973328,0.260336011648178
"species",122,122,26.9106197357178,22.409969329834,35.2812309265137,0.0136280003935099,0.000394000002415851,0.267455011606216,0.2603560090065
"species",123,123,27.0184001922607,22.5040607452393,35.2787399291992,0.0116739999502897,0.000375000003259629,0.267278999090195,0.26028698682785
"species",124,124,26.8585891723633,22.5273399353027,35.1786689758301,0.0568509995937347,8.49999996717088e-05,0.270336002111435,0.259364992380142
"species",125,125,26.9762306213379,22.463680267334,35.2573013305664,0.0125620001927018,0.000500999973155558,0.267340004444122,0.260304987430573
"species",126,126,26.9256706237793,22.4221305847168,35.2503700256348,0.0138360001146793,0.000385999999707565,0.267558008432388,0.260170012712479
"species",127,127,27.0298004150391,22.5121402740479,35.2767791748047,0.0120679996907711,0.000532999983988702,0.267289996147156,0.260284006595612
"species",128,128,26.922290802002,22.436149597168,35.2215614318848,0.0198500007390976,0.000349000009009615,0.267926007509232,0.25994399189949
"species",129,129,27.1240406036377,22.6152000427246,35.2462882995605,0.011196999810636,0.000774000014644116,0.267113000154495,0.260136991739273
"species",130,130,27.9386005401611,20.2945194244385,35.5445594787598,0.00573199987411499,4.19999996665865e-05,0.277222007513046,0.237889006733894
"species",131,131,27.1662902832031,22.6724796295166,35.2665100097656,0.0104790003970265,0.000776999979279935,0.267159998416901,0.260255992412567
"species",132,132,27.1396999359131,22.6417503356934,35.2611694335938,0.0116280000656843,0.00063999998383224,0.267482995986938,0.260592997074127
"species",133,133,27.1487407684326,22.6662406921387,35.2594184875488,0.0101410001516342,0.000761999981477857,0.26740899682045,0.260580986738205
"species",134,134,27.1810207366943,22.6914501190186,35.2622299194336,0.00985900033265352,0.000850000011269003,0.267206996679306,0.260338991880417
"species",135,135,27.986629486084,20.0361804962158,35.56494140625,0.00970400031656027,7.10000022081658e-05,0.277054011821747,0.236623004078865
"species",136,136,27.2229099273682,22.7501907348633,35.2550506591797,0.0100309997797012,0.000731999985873699,0.267560005187988,0.260753989219666
"species",137,137,27.2209491729736,22.7352504730225,35.2444496154785,0.0114169996231794,0.000688000000081956,0.267859995365143,0.260996013879776
"species",138,138,27.8312206268311,22.3475799560547,35.2248916625977,0.00714199990034103,3.00000010611257e-06,0.281746000051498,0.270460993051529
"species",139,139,27.3226699829102,22.8730907440186,35.2149391174316,0.00935299973934889,0.000768999976571649,0.267903000116348,0.261092990636826
"species",140,140,27.2760105133057,22.7917003631592,35.2089614868164,0.00798099953681231,0.00085200002649799,0.268590986728668,0.261341989040375
"species",141,141,28.1722507476807,21.6469993591309,35.332088470459,0.000243999995291233,9.99999997475243e-07,0.279924988746643,0.262993007898331
"species",142,142,29.5482406616211,22.5917205810547,34.6201210021973,0.00232900003902614,7.89999976404943e-05,0.19309900701046,0.156348004937172
"species",143,143,28.28782081604,20.0559005737305,35.6061515808105,0.0249000005424023,0.00304200011305511,0.277043998241425,0.234228998422623
"species",144,144,28.3041896820068,19.96755027771,35.6165504455566,0.0396750010550022,0.00478499988093972,0.27674800157547,0.231116995215416
"species",145,145,27.6011295318604,23.7212905883789,35.0852699279785,0.00784500036388636,9.99999997475243e-07,0.272738009691238,0.261480987071991
"species",146,146,28.2928695678711,20.3546104431152,35.5906410217285,0.0134690003469586,0.00178199994843453,0.277069985866547,0.237271994352341
"species",147,147,28.3364295959473,20.1984596252441,35.5990982055664,0.0445690006017685,0.0056289997883141,0.276722997426987,0.23190900683403
"species",148,148,27.9462394714355,23.9262409210205,35.1357383728027,0.00044599999091588,9.99999997475243e-07,0.281654000282288,0.266400009393692
"species",149,149,28.3238391876221,20.2568702697754,35.6028709411621,0.0387249998748302,0.00492599979043007,0.276944994926453,0.234566003084183
"species",150,150,25.5401706695557,22.2704792022705,36.7061805725098,0.0128889996558428,0.00169699999969453,0.151816993951797,0.111042998731136
"species",151,151,27.6965599060059,23.8538703918457,35.0670509338379,0.00495400000363588,9.99999997475243e-07,0.27394300699234,0.26180899143219
"species",152,152,28.3642807006836,20.4791603088379,35.5675201416016,0.0376759991049767,0.00464500021189451,0.27690601348877,0.235159993171692
"species",153,153,28.3482608795166,20.8257102966309,35.5627098083496,0.0262049995362759,0.00328400009311736,0.277191013097763,0.238565996289253
"species",154,154,28.3551502227783,20.5860900878906,35.5763092041016,0.041728999465704,0.00521000009030104,0.276917010545731,0.234769999980927
"species",155,155,28.052209854126,23.8433799743652,35.0088310241699,0.00282200006768107,0.000422999990405515,0.275245994329453,0.262023001909256
"species",156,156,28.0469303131104,23.8471698760986,35.0102500915527,0.00355500006116927,0.000591000018175691,0.274809002876282,0.261736005544662
"species",157,157,28.3715496063232,20.5049591064453,35.5627784729004,0.0340409986674786,0.00400499999523163,0.276634991168976,0.233420997858047
"species",158,158,29.75465965271,22.3570194244385,34.2350692749023,0.000372999988030642,3.0999999580672e-05,0.189267992973328,0.154825001955032
"species",159,159,28.3533496856689,20.7352905273438,35.5362091064453,0.0218509994447231,0.00257200002670288,0.277245998382568,0.240371003746986
"species",160,160,29.6770992279053,22.5637397766113,34.3766098022461,0.000218999994103797,1.70000002981396e-05,0.189239993691444,0.155502006411552
"species",161,161,28.3835296630859,22.1285495758057,35.2468910217285,2.80000003840541e-05,9.99999997475243e-07,0.281127989292145,0.26706799864769
"species",162,162,29.5074691772461,23.0470199584961,34.5446395874023,0.000291000003926456,9.0000003183377e-06,0.190503999590874,0.157995000481606
"species",163,163,27.9885902404785,23.3184604644775,35.0481605529785,0.00709300022572279,0.000331999995978549,0.275575011968613,0.263125002384186
"species",164,164,30.2243099212646,22.2878398895264,34.1199493408203,0.000192999999853782,1.40000001920271e-05,0.186464995145798,0.147779002785683
"species",165,165,27.9921894073486,23.9757995605469,35.0207405090332,0.00177900004200637,9.99999997475243e-07,0.27674201130867,0.262695014476776
"species",166,166,30.3599891662598,22.1362400054932,34.1022300720215,0.000449999992270023,3.60000012733508e-05,0.186234995722771,0.14691199362278
"species",167,167,27.997989654541,23.9913997650146,35.0193901062012,0.00145800004247576,9.99999997475243e-07,0.277155995368958,0.262755006551743
"species",168,168,28.4113101959229,21.0313091278076,35.5189514160156,0.0147749995812774,0.00120000005699694,0.276746988296509,0.236267998814583
"species",169,169,30.1252708435059,22.6851596832275,34.2925109863281,0.000105999999505002,6.00000021222513e-06,0.186884999275208,0.148638993501663
"species",170,170,29.5057601928711,23.2678108215332,34.6316795349121,0.000385999999707565,9.99999997475243e-07,0.190035000443459,0.158932998776436
"species",171,171,30.8179702758789,21.5031700134277,33.8503684997559,0.00308199995197356,0.00032600000849925,0.17747800052166,0.139531001448631
"species",172,172,28.2381191253662,23.7322902679443,34.9948310852051,0.00236999988555908,0.000108000000182074,0.279053002595901,0.263204008340836
"species",173,173,28.6027908325195,21.6215991973877,35.4121704101562,0.0317610017955303,0.00118100002873689,0.27777498960495,0.236765995621681
"species",174,174,28.6586608886719,21.6826992034912,35.3735504150391,0.0271329991519451,0.00105099997017533,0.2776780128479,0.233737006783485
"species",175,175,28.7424907684326,21.5662403106689,35.336009979248,0.0241800006479025,0.000901999999769032,0.277664989233017,0.229430004954338
"species",176,176,28.8232707977295,21.7995891571045,35.2665596008301,0.0695919990539551,0.00178299995604903,0.277446985244751,0.205619007349014
"species",177,177,29.0374908447266,21.5112400054932,35.2086410522461,0.123779997229576,0.000782000017352402,0.277624994516373,0.174012005329132
"species",178,178,29.0653800964355,21.7573108673096,35.1936111450195,0.0768079981207848,0.00048300001071766,0.277828007936478,0.184166997671127
"species",179,179,29.1518096923828,21.6689395904541,35.212760925293,0.0847150012850761,0.000546999974176288,0.277592986822128,0.175993993878365
"species",180,180,29.1206302642822,21.7560501098633,35.2077217102051,0.0735580027103424,0.000467000005301088,0.277673006057739,0.180436998605728
"species",181,181,28.6907901763916,23.2163696289062,35.1982688903809,0.00154800002928823,3.99999998990097e-06,0.281302988529205,0.254339993000031
"species",182,182,29.1474895477295,21.6412391662598,35.2134208679199,0.051316000521183,0.00032600000849925,0.277837008237839,0.187738999724388
"species",183,183,29.150089263916,21.691499710083,35.2218704223633,0.100137002766132,0.000647999986540526,0.277554988861084,0.173947006464005
"species",184,184,28.9829406738281,22.1633605957031,35.2209396362305,0.0381300002336502,0.000213000006624497,0.278035998344421,0.19506399333477
"species",185,185,29.2137908935547,21.6592998504639,35.229621887207,0.0944150015711784,0.000623000029008836,0.277408987283707,0.166805997490883
"species",186,186,28.8384990692139,25.2302207946777,34.7785797119141,0.00123199995141476,9.99999997475243e-07,0.286356002092361,0.26868399977684
"species",187,187,29.0465698242188,22.260799407959,35.2216682434082,0.0220650006085634,0.000146999998833053,0.27818900346756,0.20287099480629
"species",188,188,29.0724506378174,22.1526298522949,35.2242813110352,0.0310779996216297,0.000205000003916211,0.277916997671127,0.194332003593445
"species",189,189,28.8300304412842,23.1842594146729,35.2140693664551,0.0021329999435693,1.80000006366754e-05,0.279989004135132,0.241692006587982
"species",190,190,28.8837604522705,25.270959854126,34.7828216552734,0.000734000001102686,9.99999997475243e-07,0.285059988498688,0.267596989870071
"species",191,191,29.0901107788086,22.1585102081299,35.2387809753418,0.0374800004065037,0.000251999997999519,0.277678996324539,0.185350000858307
"species",192,192,28.8808708190918,25.2828807830811,34.7790489196777,0.000875000027008355,9.99999997475243e-07,0.285275995731354,0.26782301068306
"species",193,193,29.0102005004883,22.4895992279053,35.2176818847656,0.00488399993628263,3.89999986509793e-05,0.278681010007858,0.215826004743576
"species",194,194,28.8398609161377,23.3663291931152,35.1549301147461,0.00191999995149672,7.99999997980194e-06,0.28090500831604,0.248596996068954
"species",195,195,28.892520904541,23.0877208709717,35.1795196533203,0.00187599996570498,1.29999998534913e-05,0.280032008886337,0.237480998039246
"species",196,196,29.234489440918,21.8300399780273,35.2388191223145,0.110077999532223,0.000925000000279397,0.277087986469269,0.156804993748665
"species",197,197,28.8855895996094,25.3147602081299,34.7692184448242,0.000829999975394458,9.99999997475243e-07,0.285165995359421,0.267708986997604
"species",198,198,28.8916702270508,25.2819499969482,34.7757110595703,0.000794999999925494,9.99999997475243e-07,0.285100996494293,0.267654001712799
"species",199,199,31.0218601226807,22.8773307800293,34.641658782959,0.00150999997276813,0.000195999993593432,0.168761998414993,0.13790899515152
"species",200,200,28.9062404632568,23.1694602966309,35.1841011047363,0.00215999991632998,1.29999998534913e-05,0.280164003372192,0.234734997153282
"species",201,201,28.9093799591064,25.3690490722656,34.7665596008301,0.000806999974884093,9.99999997475243e-07,0.28506600856781,0.267639011144638
"species",202,202,28.9173698425293,23.1492500305176,35.1880989074707,0.00244099996052682,1.70000002981396e-05,0.27980300784111,0.230371996760368
"species",203,203,29.1079692840576,22.4091892242432,35.2277412414551,0.0825719982385635,0.00102900003548712,0.27709099650383,0.168786004185677
"species",204,204,28.894660949707,23.8024196624756,35.0703201293945,0.00412900000810623,3.00000010611257e-06,0.283210009336472,0.255982011556625
"species",205,205,28.9085102081299,23.5960903167725,35.1424407958984,0.00314299995079637,2.70000000455184e-05,0.280934989452362,0.235623002052307
"species",206,206,29.2621803283691,22.2444591522217,35.2021903991699,0.0508960001170635,0.0035119999665767,0.276978999376297,0.181266993284225
"species",207,207,28.9706401824951,24.0149707794189,35.0095710754395,0.00909299962222576,4.99999987368938e-06,0.286024987697601,0.26104998588562
"species",208,208,29.210620880127,22.5467491149902,35.2012786865234,0.036701999604702,0.00502099981531501,0.276962012052536,0.187690004706383
"species",209,209,29.0753307342529,23.1680507659912,35.1797103881836,0.0104299997910857,0.0014519999967888,0.278423994779587,0.205266997218132
"species",210,210,29.2725601196289,22.430549621582,35.1921997070312,0.0287379994988441,0.00518799992278218,0.277233988046646,0.194048002362251
"species",211,211,29.0844993591309,23.3518295288086,35.1609001159668,0.00503099989145994,0.000668000022415072,0.278627991676331,0.208791002631187
"species",212,212,31.0003890991211,22.9451103210449,34.7990112304688,0.000937999982852489,0.000402000005124137,0.168629005551338,0.139129996299744
"species",213,213,29.1832809448242,22.9188594818115,35.188850402832,0.0223580002784729,0.0040409998036921,0.277498990297318,0.197429999709129
"species",214,214,29.2695903778076,22.4917697906494,35.1902809143066,0.0293209999799728,0.00540000014007092,0.277231007814407,0.194795995950699
"species",215,215,27.5341091156006,24.4924602508545,36.9675712585449,0.00114299997221678,0.000423999998020008,0.119855999946594,0.0812250003218651
"species",216,216,29.2337207794189,22.7037792205811,35.1795310974121,0.035266000777483,0.0068359998986125,0.277280002832413,0.196373000741005
"species",217,217,29.3087406158447,22.4087390899658,35.1789588928223,0.0365279987454414,0.00711400015279651,0.277357012033463,0.196830004453659
"species",218,218,30.8848495483398,23.3530292510986,34.7905502319336,0.000834000005852431,0.000346999993780628,0.170757994055748,0.139164999127388
"species",219,219,28.9242095947266,25.5764408111572,34.7405891418457,0.000437999988207594,9.99999997475243e-07,0.288832992315292,0.270199000835419
"species",220,220,30.7502498626709,23.7581195831299,34.7880096435547,0.00092299998505041,0.000345999986166134,0.171231001615524,0.137832999229431
"species",221,221,30.652229309082,23.9539794921875,34.787239074707,0.0007999999797903,0.000277999992249534,0.172493994235992,0.138630002737045
"species",222,222,29.1778507232666,23.6552600860596,35.0388298034668,0.0131080001592636,0.00175900000613183,0.282703995704651,0.235588997602463
"species",223,223,28.8829803466797,24.7141208648682,34.9822196960449,0.000155999994603917,0,0.290051996707916,0.274863004684448
"species",224,224,27.4535007476807,24.7046794891357,36.867130279541,0.0197160001844168,0.00196400005370378,0.117455996572971,0.0738480016589165
"species",225,225,27.3012409210205,24.6187400817871,36.8669700622559,0.0203760005533695,0.00215000007301569,0.117457002401352,0.0738219991326332
"species",226,226,29.2249202728271,26.0982704162598,34.696949005127,0.000180999995791353,9.99999997475243e-07,0.296173989772797,0.276735991239548
"species",227,227,30.6734504699707,24.6042499542236,34.6230010986328,0.00377999991178513,0.000205000003916211,0.166644006967545,0.103707000613213
"species",228,228,30.7015991210938,24.5929203033447,34.5241889953613,0.0689899995923042,0.00052300002425909,0.155976995825768,0.0846640020608902
"species",229,229,29.1512393951416,23.1287403106689,35.0422210693359,0.0200859997421503,0.00167799997143447,0.281773000955582,0.223554998636246
"species",230,230,29.3284397125244,26.5573501586914,34.739429473877,1.29999998534913e-05,9.99999997475243e-07,0.298988997936249,0.284855991601944
"species",231,231,29.3185005187988,26.5531406402588,34.7474899291992,1.40000001920271e-05,9.99999997475243e-07,0.299216002225876,0.284916996955872
"species",232,232,29.2993907928467,26.6014308929443,34.7683601379395,1.70000002981396e-05,9.99999997475243e-07,0.299903005361557,0.285281985998154
"species",233,233,30.7305603027344,25.100959777832,34.677490234375,0.000140999996801838,1.70000002981396e-05,0.171625003218651,0.12432199716568
"species",234,234,30.3088493347168,25.885799407959,34.6980209350586,3.40000005962793e-05,0,0.177304998040199,0.148598000407219
"species",235,235,30.2223606109619,26.0780792236328,34.6849784851074,7.10000022081658e-05,0,0.177778005599976,0.150355994701385
"species",236,236,30.5093994140625,25.9333992004395,34.6217308044434,0.00417400011792779,0.000153999993926845,0.181504994630814,0.133289992809296
"species",237,237,29.0236797332764,23.5611095428467,34.957878112793,0.0294829998165369,0.000581000000238419,0.28370800614357,0.242635995149612
"species",238,238,30.3950004577637,26.0436592102051,34.5642395019531,0.00881700031459332,0.000125000005937181,0.18359200656414,0.135426998138428
"species",239,239,29.0191593170166,24.3535499572754,34.9184989929199,0.0116079999133945,0.000148000006447546,0.285699009895325,0.252422988414764
"species",240,240,29.01003074646,24.0083694458008,34.9300308227539,0.0130190001800656,0.000184999997145496,0.285349994897842,0.251316010951996
"species",241,241,29.0137004852295,24.1590309143066,34.9104690551758,0.00909900013357401,0.000120999997307081,0.285472005605698,0.253646999597549
"species",242,242,29.0012397766113,24.5349903106689,34.8870697021484,0.00787200033664703,1.59999999596039e-05,0.28745499253273,0.257952004671097
"species",243,243,28.9912395477295,23.8737392425537,34.9300193786621,0.0116360001266003,0.00018600000475999,0.284707993268967,0.251166999340057
"species",244,244,29.0237407684326,23.3674907684326,34.9481201171875,0.0205520000308752,0.000380000012228265,0.283614993095398,0.24804499745369
"species",245,245,29.0451507568359,24.6032600402832,34.8703498840332,0.00816200021654367,1.40000001920271e-05,0.287633985280991,0.258480995893478
"species",246,246,29.0322704315186,23.3973503112793,34.9608116149902,0.0266410000622272,0.000500999973155558,0.283142000436783,0.24694199860096
"species",247,247,29.0123291015625,23.9582195281982,34.9320983886719,0.0127790002152324,0.000218999994103797,0.284319013357162,0.250568002462387
"species",248,248,29.010139465332,24.1629009246826,34.8980407714844,0.00412400020286441,2.40000008489005e-05,0.285733997821808,0.255573004484177
"species",249,249,29.0672092437744,24.6797504425049,34.8783988952637,0.0068589998409152,1.59999999596039e-05,0.286996006965637,0.258354008197784
"species",250,250,29.0102405548096,23.9911098480225,34.9310913085938,0.00814899988472462,0.000130999993416481,0.284384995698929,0.252474009990692
"species",251,251,29.029369354248,23.6013507843018,34.940860748291,0.0253580007702112,0.000448000006144866,0.282920002937317,0.249202996492386
"species",252,252,29.0068893432617,23.800910949707,34.9355010986328,0.0121280001476407,0.000201999995624647,0.28328600525856,0.250606000423431
"species",253,253,28.9962406158447,23.5812397003174,34.9413108825684,0.0175310000777245,0.000300999992759898,0.283255994319916,0.250703006982803
"species",254,254,29.4987392425537,23.6887397766113,35.0343894958496,0.0473069995641708,0.000540999986696988,0.278827011585236,0.191273003816605
"species",255,255,29.0055694580078,23.8472499847412,34.9265403747559,0.0121120000258088,0.000195000000530854,0.28337100148201,0.251486003398895
"species",256,256,29.0092506408691,23.7864208221436,34.9305610656738,0.0160990003496408,0.000268000003416091,0.283307999372482,0.251412987709045
"species",257,257,29.5282192230225,27.7681007385254,35.2061195373535,7.00000009601354e-06,0,0.313470005989075,0.301963001489639
"species",258,258,30.2765293121338,25.4676990509033,34.4083213806152,0.0010669999755919,9.99999997475243e-07,0.189055994153023,0.140658006072044
"species",259,259,30.2457103729248,25.2909107208252,34.387451171875,0.000956000003498048,9.99999997475243e-07,0.189346998929977,0.138995006680489
"species",260,260,28.5827503204346,25.5562496185303,37.1760902404785,0.00558099988847971,0.00203100009821355,0.0996979996562004,0.0619670003652573
"species",261,261,28.9799900054932,24.5099906921387,34.904239654541,0.0183160006999969,4.30000000051223e-05,0.279774010181427,0.246362000703812
"species",262,262,29.0240097045898,24.4613208770752,34.9487380981445,0.0278980005532503,5.7000001106644e-05,0.279561996459961,0.240823999047279
"species",263,263,29.0327892303467,24.3967800140381,34.9388809204102,0.0203230008482933,3.5000000934815e-05,0.279228985309601,0.241669997572899
"species",264,264,28.7225093841553,25.4291496276855,37.1152191162109,0.0299009997397661,0.0112530002370477,0.103147998452187,0.0618630014359951
"species",265,265,29.0382995605469,24.5059604644775,34.9196586608887,0.00896899960935116,1.80000006366754e-05,0.278926998376846,0.244916006922722
"species",266,266,30.3099994659424,26.5675792694092,33.9696083068848,0.0118260001763701,0,0.209718003869057,0.165968999266624
"species",267,267,29.0951595306396,24.6907005310059,34.8804092407227,0.000629000016488135,3.00000010611257e-06,0.278263986110687,0.248410999774933
"species",268,268,30.2959098815918,26.6068992614746,33.9533004760742,0.0192949995398521,9.99999997475243e-07,0.215048000216484,0.164513006806374
"species",269,269,29.1267395019531,24.5464897155762,34.8954010009766,0.00124400004278868,7.00000009601354e-06,0.278252989053726,0.245345994830132
"species",270,270,28.9398593902588,26.5286598205566,34.1952896118164,0.00417600013315678,9.99999997475243e-07,0.213032007217407,0.173460006713867
"species",271,271,29.1677207946777,24.5410194396973,34.8899993896484,0.00103599997237325,7.99999997980194e-06,0.278140991926193,0.242153003811836
"species",272,272,29.1532592773438,24.5705509185791,34.8704605102539,0.000666000007186085,3.99999998990097e-06,0.278057992458344,0.246323004364967
"species",273,273,29.1564903259277,24.7275905609131,34.850040435791,0.000631999981123954,9.99999997475243e-07,0.277978986501694,0.248083993792534
"species",274,274,29.4681491851807,24.3799705505371,34.9566307067871,0.0345060005784035,0.00140299997292459,0.277570992708206,0.221422001719475
"species",275,275,29.2450904846191,24.6414909362793,34.8367118835449,0.000450999999884516,9.99999997475243e-07,0.277806013822556,0.246019005775452
"species",276,276,29.1810207366943,24.7434101104736,34.824390411377,0.000546999974176288,9.99999997475243e-07,0.277815014123917,0.246969997882843
"species",277,277,29.5296592712402,24.8171195983887,34.7497215270996,0.001077999942936,0.000100999997812323,0.276463985443115,0.218040004372597
"species",278,278,29.5848007202148,24.9943199157715,34.6791801452637,0.000136999995447695,3.99999998990097e-06,0.27581399679184,0.216251999139786
"species",279,279,28.5446395874023,26.8747806549072,35.5840187072754,2.61505389213562,1.29807305335999,0.53202098608017,0.428382009267807
"species",280,280,29.1926898956299,25.5193691253662,33.6552505493164,0.301427006721497,0.0045549999922514,0.247372001409531,0.178267002105713
"species",281,281,29.6658000946045,26.1125392913818,33.5678482055664,0.216314002871513,1.99999999495049e-06,0.264541000127792,0.175623998045921
"species",282,282,29.2374591827393,24.7876796722412,35.0756301879883,1.03199303150177,0,0.311677008867264,0.218027994036674
"species",283,283,28.5808601379395,26.9703807830811,35.504020690918,3.21180295944214,1.90158700942993,0.579167008399963,0.480412006378174
"species",284,284,28.4380702972412,26.8296909332275,35.4832000732422,3.48618102073669,2.14985704421997,0.601737022399902,0.497684985399246
"species",285,285,29.7551803588867,27.3168506622314,32.7523612976074,0.131402000784874,0.00194800004828721,0.249900996685028,0.0748019963502884
"species",286,286,29.2315902709961,25.5592193603516,33.9332008361816,0.191832005977631,0.00499300006777048,0.239309996366501,0.162595003843307
"species",287,287,30.0017509460449,27.3912296295166,32.5495414733887,0.0017359999474138,9.99999997475243e-07,0.237389996647835,0.0964170023798943
"species",288,288,30.0499000549316,27.3882102966309,32.5466995239258,0.00179000000935048,9.99999997475243e-07,0.237336993217468,0.0963239967823029
"species",289,289,30.018669128418,27.3943405151367,32.547248840332,0.00180600001476705,9.99999997475243e-07,0.237322002649307,0.0964789986610413
"species",290,290,29.8118095397949,27.2057399749756,32.5828094482422,0.00358000001870096,9.99999997475243e-07,0.236554995179176,0.0976269990205765
"species",291,291,29.6111907958984,27.1869697570801,33.8585090637207,0.747245013713837,9.99999997475243e-07,0.285095006227493,0.157141998410225
"species",292,292,29.8662395477295,28.2312393188477,31.363260269165,0.473612010478973,0.0955419987440109,0.735848009586334,0.078966997563839
"species",293,293,29.6927795410156,28.2490901947021,31.9938106536865,1.93480694293976,0.0126830004155636,0.901181995868683,0.0721210017800331
"species",294,294,29.8486804962158,28.2526206970215,31.39208984375,0.517817974090576,0.0866340026259422,0.667105972766876,0.065370999276638
"species",295,295,29.845630645752,28.2673091888428,31.3988208770752,0.422504007816315,0.0705759972333908,0.619255006313324,0.0577929988503456
"species",296,296,29.8319396972656,28.2652206420898,31.35378074646,0.445524990558624,0.132327005267143,0.859894990921021,0.101186998188496
"species",297,297,29.8412094116211,28.267110824585,31.36794090271,0.467864990234375,0.0918439999222755,0.722701013088226,0.0739800035953522
"species",298,298,29.767370223999,26.9190902709961,32.848030090332,0.0228109993040562,9.99999997475243e-07,0.259231001138687,0.105645999312401
"species",299,299,29.7924900054932,28.2774906158447,31.3801097869873,0.618698000907898,0.0896750018000603,0.803327977657318,0.0868190005421638
"species",300,300,29.8007297515869,28.2736396789551,31.380199432373,0.791158974170685,0.0465850010514259,0.525963008403778,0.0470159985125065
"species",301,301,29.8194904327393,28.2868690490723,31.4299697875977,1.08904099464417,0.000830999983008951,0.281360000371933,0.00417800014838576
"species",302,302,29.8752498626709,26.2151393890381,35.2479400634766,0.260237008333206,1.99999999495049e-06,0.270262986421585,0.223112002015114
"species",303,303,29.8856391906738,26.2681293487549,35.2439193725586,0.273804008960724,9.99999997475243e-07,0.272756993770599,0.223159000277519
"species",304,304,29.0245399475098,25.524829864502,34.7764205932617,0.488043010234833,0.00185700005386025,0.26172399520874,0.187665000557899
"species",305,305,29.0214805603027,25.5256195068359,34.7895889282227,0.532126009464264,0.0023199999704957,0.265179991722107,0.189824000000954
"species",306,306,29.9992904663086,28.5189609527588,34.9687309265137,0.0542830005288124,9.50000030570664e-05,0.251062989234924,0.208111003041267
"species",307,307,30.180419921875,27.5916595458984,30.8081302642822,1.59207594394684,0.0837849974632263,0.155217006802559,0.00227600010111928
"species",308,308,30.1707592010498,27.574010848999,30.9489192962646,1.71791505813599,0.0733669996261597,0.142800003290176,0.00206999992951751
"species",309,309,30.3198890686035,28.0439605712891,25.2554702758789,3.7957170009613,2.75875401496887,0.000745000026654452,0.000254999991739169
"species",310,310,30.3458309173584,28.1209506988525,25.4908103942871,3.68981909751892,2.61620998382568,0.000694999995175749,0.000224999996135011
"species",311,311,29.887279510498,28.2580394744873,29.7492294311523,0.0120930001139641,0.00722200004383922,0.197804003953934,0.100249998271465
"species",312,312,29.3001403808594,24.8293209075928,34.380931854248,3.94172406196594,1.40000001920271e-05,0.439521998167038,0.042823001742363
"species",313,313,29.9172801971436,28.0281200408936,34.7392196655273,0.00458100019022822,0,0.288316011428833,0.141889005899429
"species",314,314,28.7721405029297,23.5126399993896,34.3256683349609,7.67348384857178,0.0201280005276203,0.693930983543396,0.0540379993617535
"species",315,315,29.2476100921631,27.9317893981934,32.8424797058105,1.20000004244503e-05,9.99999997475243e-07,0.238321006298065,0.158255994319916
"species",316,316,30.35325050354,27.2749500274658,29.7103805541992,0.0186979994177818,0.0032770000398159,0.162386998534203,0.0350489988923073
"species",317,317,30.3546199798584,27.2280902862549,29.7653999328613,0.018418999388814,0.00300100003369153,0.16227699816227,0.0354630015790462
"species",318,318,29.1304397583008,27.4463901519775,32.523998260498,3.00000010611257e-06,9.99999997475243e-07,0.222179993987083,0.140536993741989
"species",319,319,29.4321098327637,28.162130355835,31.9479598999023,5.99999984842725e-05,9.99999997475243e-07,0.218695998191833,0.172859996557236
"species",320,320,29.9949398040771,27.6331901550293,32.1955184936523,0.00102700002025813,9.99999997475243e-07,0.178025007247925,0.0737119987607002
"species",321,321,29.894250869751,28.0700492858887,32.7765693664551,0.386624991893768,1.99999999495049e-06,0.155276998877525,0.0153390001505613
"species",322,322,29.6784896850586,26.3269500732422,34.2200088500977,4.46976089477539,0.00118499994277954,0.763369977474213,0.049040000885725
"species",323,323,30.1917095184326,28.3159103393555,31.9993305206299,0.989390015602112,0.00014000000373926,0.0962179973721504,0.00185000000055879
"species",324,324,30.0336494445801,26.9602909088135,33.9778289794922,1.42226505279541,0.00133600004483014,0.514240026473999,0.0350079983472824
"species",325,325,29.9565296173096,27.2109394073486,34.0184898376465,0.397637009620667,3.99999998990097e-06,0.384896010160446,0.0544509999454021
"species",326,326,30.3700103759766,26.9198703765869,33.8559989929199,1.0657000541687,0.00121899996884167,0.472106993198395,0.02751399949193
"species",327,327,29.1297206878662,27.1245002746582,34.7700500488281,0.656170010566711,0.150956004858017,0.000468999991426244,5.90000017837156e-05
"species",328,328,29.1015892028809,27.1093502044678,34.8363990783691,0.609417974948883,0.148652002215385,0.000423999998020008,5.50000004295725e-05
"species",329,329,30.5506801605225,26.7918491363525,33.2773895263672,1.45176601409912,0.00040300001273863,0.363680005073547,0.0123340003192425
"species",330,330,30.6903896331787,26.5991401672363,33.2896614074707,1.3723920583725,2.99999992421363e-05,0.351971000432968,0.0146599998697639
"species",331,331,29.418550491333,27.0842895507812,32.7977104187012,0.0537809990346432,0.00367300002835691,0.246824994683266,0.147283002734184
"species",332,332,30.6835193634033,26.6557598114014,33.2582206726074,1.79164099693298,0.0020479999948293,0.381437003612518,0.0095830000936985
"species",333,333,29.4249591827393,27.0632801055908,32.817310333252,0.0486660003662109,0.00283399992622435,0.24770300090313,0.149006992578506
"species",334,334,30.6866092681885,26.6321392059326,33.2662582397461,1.64051294326782,0.00120099994819611,0.367747992277145,0.010495999827981
"species",335,335,30.6158103942871,27.6808109283447,30.4678401947021,0.163440003991127,0.00654300022870302,0.0176090002059937,0.00117299996782094
"species",336,336,30.6206607818604,27.656909942627,30.4648303985596,0.19174300134182,0.00961199961602688,0.0169569998979568,0.00112599995918572
"species",337,337,30.6070804595947,27.6877403259277,30.4659595489502,0.162176996469498,0.0071709998883307,0.019726999104023,0.00127999996766448
"species",338,338,30.1863803863525,27.9700698852539,31.6994590759277,1.33676195144653,0.001077999942936,0.0602880008518696,0.000113000001874752
"species",339,339,29.8113403320312,28.3268699645996,33.9433212280273,1.70000002981396e-05,9.99999997475243e-07,0.264542013406754,0.24779599905014
"species",340,340,30.7906608581543,26.4482803344727,33.1580810546875,1.67339897155762,0.000352000002749264,0.347553014755249,0.00919899996370077
"species",341,341,30.1549091339111,27.9233093261719,34.9581604003906,4.99999987368938e-06,0,0.324254989624023,0.155845001339912
"species",342,342,28.3537406921387,23.7149906158447,36.2585716247559,0.815084993839264,0.0035969999153167,0.114748001098633,0.0082609998062253
"species",343,343,30.1764392852783,27.8628196716309,34.9954986572266,3.99999998990097e-06,0,0.327450007200241,0.158437997102737
"species",344,344,28.4653606414795,25.1379795074463,36.096809387207,0.224977999925613,0.00444199983030558,0.0724259987473488,0.0191779993474483
"species",345,345,28.4024906158447,25.1012401580811,36.1351318359375,0.188866004347801,0.00305399997159839,0.0670690014958382,0.0160009991377592
"species",346,346,30.0994892120361,27.1798095703125,32.4162902832031,0.00277499994263053,0.000220999994780868,0.186850994825363,0.0994739979505539
"species",347,347,28.7859191894531,25.7831802368164,36.3927116394043,0.0449680015444756,0.00216799997724593,0.0649660006165504,0.0208860002458096
"species",348,348,28.7410697937012,25.7682590484619,36.2298698425293,0.0369580015540123,0.0012410000199452,0.0527100004255772,0.0133840003982186
"species",349,349,29.2448596954346,27.2616004943848,34.3905487060547,0.00235600001178682,9.99999997475243e-07,0.304493993520737,0.276816993951797
"species",350,350,28.517520904541,25.5232791900635,36.0752906799316,0.0277670007199049,5.60000007681083e-05,0.0442430004477501,0.0076990001834929
"species",351,351,28.5372295379639,25.5496997833252,36.1000099182129,0.0292460005730391,5.99999984842725e-05,0.0444630011916161,0.00788099970668554
"species",352,352,28.3677291870117,25.0837993621826,36.1396903991699,0.0221400000154972,4.99999987368938e-06,0.0426810011267662,0.00600800011307001
"species",353,353,29.3294696807861,27.288330078125,34.4031791687012,0.0033239999320358,9.99999997475243e-07,0.306125998497009,0.276845008134842
"species",354,354,29.3412399291992,27.2849903106689,34.396800994873,0.00407500006258488,9.99999997475243e-07,0.306347995996475,0.27674800157547
"species",355,355,28.606969833374,25.2467594146729,36.1782302856445,0.0225210003554821,3.00000010611257e-06,0.0419120006263256,0.00531399995088577
"species",356,356,28.6627807617188,25.3900508880615,36.1716003417969,0.025585999712348,3.99999998990097e-06,0.0417729988694191,0.00491899996995926
"species",357,357,28.6303291320801,25.2936305999756,36.1515007019043,0.0269969999790192,7.99999997980194e-06,0.0416150018572807,0.00473400019109249
"species",358,358,28.585729598999,24.7138004302979,36.2412605285645,0.0540950000286102,3.89999986509793e-05,0.0426269993185997,0.00553799979388714
"species",359,359,28.6424903869629,25.4774894714355,36.1479606628418,0.0276689995080233,1.20000004244503e-05,0.041568998247385,0.00487799989059567
"species",360,360,28.489990234375,24.7412395477295,36.2399406433105,0.0431570000946522,3.5000000934815e-05,0.0419499985873699,0.00516499998047948
"species",361,361,28.6751594543457,25.3434600830078,36.1648597717285,0.031479999423027,2.30000005103648e-05,0.041533999145031,0.0047800000756979
"species",362,362,28.6175193786621,25.0472507476807,36.1795806884766,0.0323829986155033,2.59999997069826e-05,0.0415540002286434,0.00482100015506148
"species",363,363,29.4653606414795,26.710620880127,34.3056716918945,0.822012007236481,0.000992999994195998,0.059629000723362,0.000186999997822568
"species",364,364,28.9720306396484,26.1096992492676,35.7774505615234,0.0505420006811619,4.99999987368938e-06,0.0420890003442764,0.00337999989278615
"species",365,365,29.3791999816895,26.8315906524658,33.3166198730469,0.0257660001516342,0.00115499994717538,0.261574000120163,0.234650999307632
"species",366,366,29.2846508026123,26.7073001861572,34.3332710266113,0.188795000314713,2.09999998332933e-05,0.0523089990019798,9.20000020414591e-05
"species",367,367,29.260950088501,26.6773796081543,34.3549308776855,0.180562004446983,2.40000008489005e-05,0.052666001021862,7.79999973019585e-05
"species",368,368,29.2725391387939,26.6906890869141,34.3523902893066,0.181225001811981,2.90000007225899e-05,0.0530590005218983,8.29999989946373e-05
"species",369,369,29.79248046875,27.716609954834,34.367000579834,3.99999998990097e-06,9.99999997475243e-07,0.289319008588791,0.262726008892059
"species",370,370,29.7849903106689,27.6999893188477,34.3842811584473,3.99999998990097e-06,9.99999997475243e-07,0.289889007806778,0.263487994670868
"species",371,371,29.3264904022217,26.6777992248535,34.3726997375488,0.155763000249863,6.00000021222513e-06,0.045049998909235,1.59999999596039e-05
"species",372,372,29.2448406219482,26.5856494903564,34.4828414916992,0.140386998653412,9.99999997475243e-07,0.0398840010166168,1.59999999596039e-05
"species",373,373,29.190450668335,26.5194206237793,34.5169906616211,0.133513003587723,9.99999997475243e-07,0.0378880016505718,1.59999999596039e-05
"species",374,374,29.1721992492676,26.4870700836182,34.5086402893066,0.133717998862267,9.99999997475243e-07,0.0385549999773502,1.59999999596039e-05
"species",375,375,29.8488998413086,27.537239074707,34.5763816833496,4.99999987368938e-06,9.99999997475243e-07,0.290280997753143,0.269923001527786
"species",376,376,29.8653507232666,27.5310802459717,34.5844688415527,4.99999987368938e-06,9.99999997475243e-07,0.290111005306244,0.27003800868988
"species",377,377,29.2049903869629,26.3974895477295,34.6357803344727,0.1102259978652,9.99999997475243e-07,0.0364090017974377,1.59999999596039e-05
"species",378,378,29.4406204223633,26.5676498413086,34.5488090515137,0.237571999430656,9.99999997475243e-07,0.0373129993677139,1.70000002981396e-05
"species",379,379,29.7258605957031,27.1195106506348,35.3261985778809,0.400779992341995,0.00371400010772049,0.353504002094269,0.206653997302055
"species",380,380,29.2338008880615,26.3363990783691,34.8385887145996,0.0810829997062683,9.99999997475243e-07,0.0263480003923178,1.59999999596039e-05
"species",381,381,30.1006393432617,27.2177104949951,32.6188316345215,0.229017004370689,0.0062830001115799,0.136412993073463,0.0381859987974167
"species",382,382,29.1901607513428,26.2986602783203,34.844181060791,0.0782399997115135,9.99999997475243e-07,0.0246079992502928,1.59999999596039e-05
"species",383,383,29.2227897644043,26.3059501647949,34.854320526123,0.0769840031862259,9.99999997475243e-07,0.0240139998495579,1.59999999596039e-05
"species",384,384,30.0953006744385,27.188440322876,32.6377410888672,0.252568989992142,0.00717600015923381,0.134964004158974,0.0353409983217716
"species",385,385,30.0945796966553,27.1679706573486,32.6340408325195,0.164480000734329,0.00447800010442734,0.137701004743576,0.0461470000445843
"species",386,386,29.698429107666,26.3397102355957,35.4517211914062,0.368425011634827,0.0299539994448423,0.000372000009519979,2.30000005103648e-05
"species",387,387,27.794490814209,25.4477291107178,34.823600769043,0.000144000005093403,9.99999997475243e-07,0.339212000370026,0.317748993635178
"species",388,388,29.6798706054688,26.332239151001,35.5481414794922,0.246066004037857,0.0226690005511045,0.000190000006114133,1.70000002981396e-05
"species",389,389,29.7122001647949,26.2487506866455,35.4412002563477,0.384274005889893,0.0323770008981228,0.000422000011894852,2.30000005103648e-05
"species",390,390,29.0774898529053,26.0987396240234,34.9161415100098,0.0742060020565987,9.99999997475243e-07,0.0267370007932186,1.59999999596039e-05
"species",391,391,29.1512393951416,26.2049903869629,34.7435607910156,0.0919179990887642,9.99999997475243e-07,0.0285310000181198,1.59999999596039e-05
"species",392,392,29.0753192901611,26.1047801971436,34.9582786560059,0.0719500035047531,9.99999997475243e-07,0.0250530000776052,1.59999999596039e-05
"species",393,393,29.1555805206299,26.1979007720947,34.7969818115234,0.0878330022096634,9.99999997475243e-07,0.0277999993413687,1.59999999596039e-05
"species",394,394,29.1274795532227,26.1551990509033,34.7873001098633,0.0900610014796257,9.99999997475243e-07,0.0272860005497932,1.59999999596039e-05
"species",395,395,29.712589263916,25.6436290740967,31.4578895568848,11.2532196044922,0.0142689999192953,0.263911008834839,9.50000030570664e-05
"species",396,396,29.2608890533447,26.1546306610107,34.7782096862793,0.105250000953674,5.50000004295725e-05,0.0168609991669655,1.59999999596039e-05
"species",397,397,29.7077102661133,25.6303195953369,31.4594192504883,11.4118499755859,0.014236000366509,0.263507008552551,9.00000013643876e-05
"species",398,398,29.2346496582031,26.1126194000244,34.8172416687012,0.0978100001811981,8.09999983175658e-05,0.0155880004167557,1.59999999596039e-05
"species",399,399,29.248779296875,26.1226806640625,34.8128700256348,0.0979939997196198,7.79999973019585e-05,0.0158210005611181,1.59999999596039e-05
"species",400,400,29.593469619751,27.0145702362061,35.5798416137695,0.044709000736475,0.000277000013738871,0.00277699995785952,1.99999994947575e-05
"species",401,401,29.4840297698975,26.8565902709961,35.5862312316895,0.0470310002565384,0.00087699998402968,0.00138699996750802,1.49999996210681e-05
"species",402,402,29.3969192504883,26.4540004730225,34.8170394897461,0.127216994762421,8.09999983175658e-05,0.0145420003682375,1.70000002981396e-05
"species",403,403,29.3264999389648,26.2855796813965,34.8039207458496,0.108159996569157,7.99999997980194e-06,0.0165979992598295,1.70000002981396e-05
"species",404,404,29.4019603729248,26.4622497558594,34.8225593566895,0.129771992564201,0.000115000002551824,0.0139220003038645,1.70000002981396e-05
"species",405,405,29.3201694488525,26.2727203369141,34.8055686950684,0.106066003441811,9.0000003183377e-06,0.0166170001029968,1.70000002981396e-05
"species",406,406,29.3746109008789,26.4312705993652,34.8153610229492,0.126313999295235,6.50000001769513e-05,0.0149680003523827,1.70000002981396e-05
"species",407,407,29.3685703277588,26.424129486084,34.8112106323242,0.121394999325275,5.80000014451798e-05,0.0149800004437566,1.70000002981396e-05
"species",408,408,29.3665504455566,26.4066200256348,34.811710357666,0.11956000328064,5.09999990754295e-05,0.0153170004487038,1.70000002981396e-05
"species",409,409,29.5073299407959,26.9178295135498,35.5889015197754,0.0470900014042854,0.00048300001071766,0.00244599999859929,1.89999991562217e-05
"species",410,410,29.345630645752,26.3617706298828,34.8088684082031,0.11498399823904,3.00000010611257e-06,0.0164219997823238,1.70000002981396e-05
"species",411,411,29.3629493713379,26.3914108276367,34.8091888427734,0.116033002734184,1.70000002981396e-05,0.0158929992467165,1.70000002981396e-05
"species",412,412,29.4002094268799,26.4359893798828,34.8220405578613,0.131123006343842,0.000174999993760139,0.01331099960953,1.70000002981396e-05
"species",413,413,29.2500190734863,26.1506004333496,34.8146018981934,0.0977199971675873,4.09999993280508e-05,0.015447000041604,1.80000006366754e-05
"species",414,414,29.273120880127,26.3346004486084,34.9024391174316,0.151997998356819,0.000568000017665327,0.0113559998571873,1.49999996210681e-05
"species",415,415,30.0093898773193,26.5769596099854,34.6816482543945,9.0000003183377e-06,0,0.272215008735657,0.24727900326252
"species",416,416,29.3912391662598,26.4146194458008,34.8249816894531,0.130401998758316,0.000249000004259869,0.0125399995595217,1.59999999596039e-05
"species",417,417,29.2272090911865,26.1081790924072,34.8309097290039,0.091168001294136,2.30000005103648e-05,0.0149360001087189,2.2000000171829e-05
"species",418,418,30.0073890686035,26.5504093170166,34.6850509643555,9.0000003183377e-06,0,0.271719008684158,0.246398001909256
"species",419,419,29.1987895965576,26.0610103607178,34.8708801269531,0.0810609981417656,0.000117000003228895,0.012690999545157,2.40000008489005e-05
"species",420,420,29.1849899291992,26.052490234375,34.9371681213379,0.0747279971837997,0.00023999999393709,0.00981099996715784,1.80000006366754e-05
"species",421,421,29.1961708068848,26.0071392059326,34.8903388977051,0.0749180018901825,0.000261999986832961,0.0105950003489852,2.30000005103648e-05
"species",422,422,29.7224903106689,26.8062400817871,35.6443901062012,0.0434920005500317,0.000380000012228265,0.000546999974176288,1.49999996210681e-05
"species",423,423,29.2430591583252,23.9930095672607,35.0172004699707,3.12293291091919,0.719174027442932,0.000265000009676442,3.9999998989515e-05
"species",424,424,29.1898002624512,26.066520690918,35.050609588623,0.0675989985466003,0.00052000000141561,0.00578799983486533,1.49999996210681e-05
"species",425,425,29.180700302124,26.0717792510986,35.0737380981445,0.0677890032529831,0.000780000002123415,0.00332899997010827,1.49999996210681e-05
"species",426,426,29.1830806732178,26.0722103118896,35.0527496337891,0.0656929984688759,0.000786999997217208,0.00320899998769164,1.49999996210681e-05
"species",427,427,29.835470199585,26.9187107086182,35.5982704162598,0.0467739999294281,7.20000025467016e-05,0.00136899994686246,1.49999996210681e-05
"species",428,428,26.614839553833,24.3590908050537,34.8260307312012,0.00290900003165007,9.99999997475243e-07,0.352845013141632,0.329923003911972
"species",429,429,29.0850391387939,26.0085906982422,35.4719200134277,0.10563699901104,0.0276360008865595,0.00515600014477968,0.000273999990895391
"species",430,430,26.3454895019531,23.8553199768066,34.9796409606934,0.00113600003533065,9.99999997475243e-07,0.336825013160706,0.317364990711212
"species",431,431,29.9476299285889,25.7462501525879,34.7560806274414,1.29999998534913e-05,0,0.255405008792877,0.221079006791115
"species",432,432,26.3814792633057,23.8729400634766,34.974609375,0.00136400002520531,9.99999997475243e-07,0.336275994777679,0.317313998937607
"species",433,433,26.5080795288086,24.0223197937012,34.9378204345703,0.0019109999993816,9.99999997475243e-07,0.336463987827301,0.317806005477905
"species",434,434,26.666919708252,24.1444492340088,34.9383697509766,0.00134900002740324,9.99999997475243e-07,0.336320012807846,0.317963987588882
"species",435,435,26.8039894104004,24.2533302307129,34.961238861084,0.000997000024653971,9.99999997475243e-07,0.336097002029419,0.317561000585556
"species",436,436,26.7845897674561,24.2333106994629,34.967601776123,0.00109599996358156,9.99999997475243e-07,0.335597991943359,0.316989988088608
"species",437,437,26.3565692901611,23.7794895172119,35.0448608398438,0.00121200003195554,9.99999997475243e-07,0.334596991539001,0.316119998693466
"species",438,438,26.744010925293,24.1709995269775,34.9701499938965,0.000997000024653971,9.99999997475243e-07,0.335539013147354,0.316834986209869
"species",439,439,26.3728199005127,23.8063297271729,35.0445785522461,0.00122400000691414,9.99999997475243e-07,0.334160000085831,0.31598898768425
"species",440,440,26.3124904632568,23.7187404632568,35.0574493408203,0.00117099995259196,9.99999997475243e-07,0.334558010101318,0.315854012966156
"species",441,441,26.6228809356689,24.0404796600342,34.9936294555664,0.00111399998422712,9.99999997475243e-07,0.334264993667603,0.315405011177063
"species",442,442,29.1824893951416,23.9962406158447,35.425910949707,0.223286002874374,0.000645000021904707,0.373964995145798,0.113127999007702
"species",443,443,26.3767604827881,23.8013191223145,35.0479202270508,0.00105099997017533,9.99999997475243e-07,0.334223985671997,0.315259009599686
"species",444,444,26.3847198486328,23.8049697875977,35.0633087158203,0.000945999985560775,9.99999997475243e-07,0.333961993455887,0.314713001251221
"species",445,445,26.5328102111816,23.9180507659912,35.0139198303223,0.00104000000283122,9.99999997475243e-07,0.33364599943161,0.314597010612488
"species",446,446,26.4978904724121,23.8628101348877,35.0273208618164,0.000961999990977347,9.99999997475243e-07,0.334569990634918,0.314332991838455
"species",447,447,26.6352195739746,23.9242496490479,35.0628509521484,0.000422000011894852,0,0.334583014249802,0.314671993255615
"species",448,448,26.8527908325195,24.1766796112061,35.0373191833496,0.000763999996706843,0,0.334360986948013,0.315167009830475
"species",449,449,26.8270492553711,24.1470794677734,35.0530090332031,0.000505000003613532,0,0.334333002567291,0.314808994531631
"species",450,450,26.623119354248,23.9090309143066,35.0511016845703,0.000437000009696931,0,0.334827989339828,0.314893007278442
"species",451,451,26.7450695037842,24.0525608062744,35.0550117492676,0.000487000012071803,0,0.334345012903214,0.314770996570587
"species",452,452,26.6268291473389,23.9047698974609,35.070240020752,0.00044900001375936,0,0.334179997444153,0.313995987176895
"species",453,453,26.888879776001,24.198450088501,35.0422210693359,0.00122099998407066,9.99999997475243e-07,0.333893001079559,0.314428985118866
"species",454,454,26.8241291046143,24.1207904815674,35.0514907836914,0.00120900000911206,9.99999997475243e-07,0.33364999294281,0.314058005809784
"species",455,455,26.5780906677246,23.839599609375,35.0938186645508,0.000484999996842816,0,0.333914011716843,0.313502013683319
"species",456,456,26.6365795135498,23.9078693389893,35.094051361084,0.000515999970957637,0,0.333743989467621,0.313396990299225
"species",457,457,26.5591297149658,23.7705001831055,35.1085014343262,0.00115100003313273,9.99999997475243e-07,0.332864999771118,0.312460988759995
"species",458,458,26.8696708679199,23.8561496734619,35.1271514892578,0.000999000039882958,9.99999997475243e-07,0.330817013978958,0.30715799331665
"species",459,459,26.901439666748,23.8476905822754,35.1210594177246,0.00175299996044487,9.99999997475243e-07,0.330345004796982,0.306856989860535
"species",460,460,26.7117099761963,23.6934509277344,35.1667404174805,0.00101100001484156,0,0.329748004674911,0.30527600646019
"species",461,461,26.7310009002686,23.6857299804688,35.1627006530762,0.00109999999403954,9.99999997475243e-07,0.329174011945724,0.30467700958252
"species",462,462,26.7804508209229,23.7037601470947,35.1538200378418,0.00136800005566329,9.99999997475243e-07,0.329178988933563,0.304872006177902
"species",463,463,26.7919998168945,23.7071304321289,35.1449012756348,0.00148400000762194,9.99999997475243e-07,0.329391986131668,0.305225014686584
"species",464,464,29.0906791687012,23.670389175415,36.2909507751465,0.0221090000122786,7.99999997980194e-06,0.00719199981540442,0.000387000007322058
"species",465,465,29.1587390899658,21.9837398529053,35.6837615966797,0.779201984405518,0.167156994342804,0.0385890007019043,0.000873000011779368
"species",466,466,29.5433502197266,22.1099491119385,35.0692481994629,0.0207739993929863,0.000151999993249774,0.295275002717972,0.065309002995491
"species",467,467,29.7815704345703,23.6653709411621,36.346321105957,0.0352470017969608,0.000148000006447546,0.00573599990457296,2.30000005103648e-05
"species",468,468,29.5948295593262,21.5433807373047,34.962589263916,0.0397589989006519,0.000570999982301146,0.252101987600327,0.0608649998903275
"species",469,469,26.9898891448975,23.3370304107666,35.2456283569336,3.60000012733508e-05,0,0.325042009353638,0.291040986776352
"species",470,470,27.2304306030273,23.2787094116211,35.3185806274414,0.00160499999765307,9.99999997475243e-07,0.31292998790741,0.276125013828278
"species",471,471,29.5183391571045,23.6042404174805,34.3496704101562,0.250151991844177,3.70000016118865e-05,0.249941006302834,0.197910994291306
"species",472,472,30.223690032959,22.3478908538818,36.0992202758789,1.87071204185486,0.175319001078606,9.30000023799948e-05,1.40000001920271e-05
"species",473,473,30.3159999847412,21.5399799346924,36.1423301696777,2.26712703704834,0.2257139980793,8.60000000102445e-05,1.49999996210681e-05
"species",474,474,29.3031406402588,22.1269397735596,35.7368392944336,0.161155998706818,0.0042110001668334,0.40005099773407,0.225108996033669
"species",475,475,29.2795791625977,22.6652507781982,36.3303108215332,0.0112779997289181,0.000251999997999519,0.420792996883392,0.265581011772156
"species",476,476,30.1639308929443,23.3887500762939,36.0663986206055,1.35539102554321,0.10589300096035,0.000109000000520609,1.29999998534913e-05
"species",477,477,30.3179397583008,20.0693492889404,36.1381187438965,3.5557689666748,0.520357012748718,0.000140999996801838,1.20000004244503e-05
"species",478,478,27.7312602996826,22.3636207580566,35.4145317077637,0.00242800009436905,0,0.265536993741989,0.224886998534203
"species",479,479,27.7341194152832,22.3635501861572,35.4157981872559,0.0023350000847131,0,0.265332013368607,0.22469699382782
"species",480,480,27.8564205169678,22.3004703521729,35.4059600830078,0.00146499997936189,9.99999997475243e-07,0.248575001955032,0.210314005613327
"species",481,481,27.860860824585,22.3086204528809,35.4051208496094,0.0014009999576956,9.99999997475243e-07,0.250413000583649,0.211546003818512
"species",482,482,27.7025909423828,22.1020107269287,35.411979675293,0.00203799991868436,0,0.25984400510788,0.218692004680634
"species",483,483,27.8432998657227,22.181079864502,35.4045791625977,0.00138000003062189,9.99999997475243e-07,0.247713997960091,0.209953993558884
"species",484,484,27.8590908050537,22.2052402496338,35.4023284912109,0.00105299998540431,9.99999997475243e-07,0.24872000515461,0.211042001843452
"species",485,485,29.1210308074951,21.6829299926758,34.507999420166,0.544550001621246,3.99999998990097e-06,0.250999003648758,0.200644999742508
"species",486,486,29.0884704589844,21.3264198303223,34.5219383239746,0.425278007984161,9.99999997475243e-07,0.239882007241249,0.1978590041399
"species",487,487,30.1203308105469,19.9186096191406,36.0133399963379,4.21802377700806,0.665892004966736,0.000608999980613589,1.29999998534913e-05
"species",488,488,28.9064903259277,20.6621208190918,34.5261497497559,1.23625898361206,3.99999998990097e-06,0.30467501282692,0.199775993824005
"species",489,489,26.1233196258545,14.9256401062012,37.6432304382324,0.0192469991743565,0.000532999983988702,0.035121001303196,0.0190619993954897
"species",490,490,24.7046508789062,13.2936401367188,38.1122589111328,0.0690580010414124,0.0121710002422333,0.0593280009925365,0.0406970009207726
"species",491,491,24.7037391662598,13.2934198379517,38.1125602722168,0.0627069994807243,0.00899500027298927,0.0558069981634617,0.0394599996507168
