"species","x","y","e08.SST.max","e09.SST.min","e04.NIT.min"
"species",1,1,17.2476902008057,11.1582498550415,1.90915894508362
"species",2,2,17.6641597747803,11.986720085144,0.435613989830017
"species",3,3,17.7145805358887,12.0927200317383,0.306657999753952
"species",4,4,18.1202201843262,12.2751398086548,0.0285940002650023
"species",5,5,16.5286998748779,11.6821899414062,0.168402999639511
"species",6,6,19.6956901550293,12.4475402832031,0.131484001874924
"species",7,7,18.7603397369385,13.4842195510864,0.000557999999728054
"species",8,8,19.7857608795166,12.3079204559326,0
"species",9,9,20.0768299102783,12.0443296432495,9.99999997475243e-07
"species",10,10,20.5031108856201,11.4781303405762,9.99999997475243e-07
"species",11,11,20.555570602417,11.4365797042847,9.99999997475243e-07
"species",12,12,21.2274894714355,10.9149904251099,9.99999997475243e-07
"species",13,13,21.0112400054932,11.0605401992798,9.99999997475243e-07
"species",14,14,21.1924896240234,13.1212396621704,0.115001998841763
"species",15,15,21.2937393188477,13.186240196228,0.127454996109009
"species",16,16,21.1196193695068,13.2829704284668,0.0977310016751289
"species",17,17,21.1446208953857,13.3299999237061,0.087507002055645
"species",18,18,21.0791797637939,13.3893804550171,0.0524859987199306
"species",19,19,21.2225303649902,13.4139003753662,0.0910530015826225
"species",20,20,20.9919490814209,14.687370300293,0.00192199996672571
"species",21,21,20.9960403442383,14.7684202194214,0.00176899996586144
"species",22,22,28.4288501739502,17.2618408203125,0.00882500037550926
"species",23,23,20.2087707519531,14.5491895675659,0.892673015594482
"species",24,24,20.2878704071045,14.5676803588867,0.855859994888306
"species",25,25,27.2999706268311,13.1159400939941,0.0296059995889664
"species",26,26,26.7476291656494,13.9090700149536,0.15777400135994
"species",27,27,26.7707290649414,13.8401699066162,0.29737600684166
"species",28,28,27.1846694946289,13.598219871521,0.0230429992079735
"species",29,29,18.3928108215332,12.7235202789307,2.55085206031799
"species",30,30,26.8278007507324,13.2540502548218,0.397877007722855
"species",31,31,26.8524703979492,13.1478500366211,0.433468997478485
"species",32,32,27.1662406921387,12.4712400436401,0.183669000864029
"species",33,33,26.4754104614258,15.2985496520996,0.0620669983327389
"species",34,34,26.4815406799316,15.1609802246094,0.0873190015554428
"species",35,35,26.3562393188477,15.8099899291992,0.174266993999481
"species",36,36,26.4000797271729,14.4197101593018,0.591073989868164
"species",37,37,26.3911590576172,14.4642496109009,0.661412000656128
"species",38,38,27.4005107879639,10.9409198760986,0.0441090017557144
"species",39,39,26.5091590881348,13.9448795318604,0.539039015769958
"species",40,40,25.9674301147461,4.18693590164185,1.22430801391602
"species",41,41,25.9795799255371,4.24257707595825,1.22516202926636
"species",42,42,25.998649597168,4.1559100151062,1.16639494895935
"species",43,43,26.771900177002,11.8336696624756,0.000630000024102628
"species",44,44,24.2426109313965,12.8118495941162,0.147352993488312
"species",45,45,24.1474895477295,12.6787395477295,0.124047003686428
"species",46,46,24.1931800842285,12.707070350647,0.108213998377323
"species",47,47,24.0727291107178,12.5264196395874,0.0781309977173805
"species",48,48,24.0103302001953,12.3985795974731,0.0659580007195473
"species",49,49,23.9231090545654,12.2063398361206,0.0531460009515285
"species",50,50,23.8331203460693,11.9319295883179,0.0552649982273579
"species",51,51,23.8914909362793,12.1095600128174,0.0538990013301373
"species",52,52,23.7723808288574,11.7531003952026,0.0548770017921925
"species",53,53,24.5733795166016,2.92439603805542,0.0919170007109642
"species",54,54,24.2603492736816,9.28783798217773,0.0209149997681379
"species",55,55,26.5370903015137,9.41900062561035,0.021348999813199
"species",56,56,26.5674896240234,9.38249397277832,0.0137419998645782
"species",57,57,23.9298801422119,7.15009498596191,0.0605340003967285
"species",58,58,21.8182907104492,4.32372617721558,0.0121839996427298
"species",59,59,17.8452606201172,12.8467397689819,0.0490350015461445
"species",60,60,17.8685493469238,12.8781204223633,0.0513279996812344
"species",61,61,21.730619430542,0.461838006973267,0.00680299988016486
"species",62,62,22.0008506774902,3.11575603485107,0.00509299989789724
"species",63,63,21.9983100891113,11.7370300292969,0.0212099999189377
"species",64,64,21.7140693664551,-0.714630007743835,0.0444400012493134
"species",65,65,22.6375007629395,4.4577579498291,0.0920820012688637
"species",66,66,22.663480758667,4.63976097106934,0.0549799986183643
"species",67,67,20.6328392028809,12.4632301330566,0.0154780000448227
"species",68,68,20.3505096435547,12.4770202636719,0.0175620000809431
"species",69,69,25.9825496673584,8.67720890045166,0.0578829981386662
"species",70,70,25.9659805297852,8.71978187561035,0.067783996462822
"species",71,71,17.5708599090576,7.07492017745972,0.0586460009217262
"species",72,72,17.775390625,6.80490016937256,0.0234089996665716
"species",73,73,18.5638408660889,5.57179880142212,0.177168995141983
