"species","x","y","e09.SST.min"
"species",1,1,14.4805402755737
"species",2,2,13.7855997085571
"species",3,3,12.7582197189331
"species",4,4,16.666130065918
"species",5,5,12.4331502914429
"species",6,6,15.2474899291992
"species",7,7,14.5449895858765
"species",8,8,14.1952600479126
"species",9,9,14.8915500640869
"species",10,10,14.4642496109009
"species",11,11,14.4197101593018
"species",12,12,14.1847200393677
"species",13,13,11.938159942627
"species",14,14,11.1057195663452
"species",15,15,11.1987400054932
"species",16,16,11.083459854126
"species",17,17,5.92374420166016
"species",18,18,2.4677369594574
"species",19,19,3.49037098884583
"species",20,20,3.32611608505249
"species",21,21,3.84369707107544
"species",22,22,3.97356295585632
"species",23,23,4.02705097198486
"species",24,24,3.17933201789856
"species",25,25,3.11190295219421
"species",26,26,3.07777309417725
"species",27,27,3.09935307502747
"species",28,28,3.30036091804504
"species",29,29,3.19213795661926
"species",30,30,3.40249395370483
"species",31,31,0.43953999876976
"species",32,32,3.9143180847168
"species",33,33,3.76948094367981
"species",34,34,3.80704188346863
"species",35,35,3.89010310173035
"species",36,36,3.7892529964447
"species",37,37,3.80531191825867
"species",38,38,3.73749399185181
"species",39,39,3.67146611213684
"species",40,40,3.48024010658264
"species",41,41,3.36455798149109
"species",42,42,3.56506299972534
"species",43,43,7.1296181678772
"species",44,44,7.14600992202759
"species",45,45,1.63711702823639
"species",46,46,9.73739719390869
"species",47,47,1.67493498325348
"species",48,48,1.77920603752136
"species",49,49,1.4869749546051
"species",50,50,1.79640901088715
"species",51,51,13.7617998123169
"species",52,52,1.44450294971466
"species",53,53,1.99749398231506
"species",54,54,1.63174700737
"species",55,55,6.38949298858643
"species",56,56,1.89309895038605
"species",57,57,13.8886003494263
"species",58,58,13.8401699066162
"species",59,59,14.6985101699829
"species",60,60,1.66330194473267
"species",61,61,15.1798400878906
"species",62,62,15.1925601959229
"species",63,63,15.3693399429321
"species",64,64,13.9792098999023
"species",65,65,13.2629995346069
"species",66,66,13.1741104125977
"species",67,67,13.0019702911377
"species",68,68,13.2132196426392
"species",69,69,13.1139297485352
"species",70,70,12.9612798690796
"species",71,71,13.5059604644775
"species",72,72,12.8198900222778
"species",73,73,12.9500503540039
"species",74,74,14.7212400436401
"species",75,75,13.5449895858765
"species",76,76,13.4973297119141
"species",77,77,13.3985300064087
"species",78,78,14.3838596343994
"species",79,79,15.2985496520996
"species",80,80,15.1609802246094
"species",81,81,14.7587404251099
"species",82,82,15.4872303009033
"species",83,83,14.5261201858521
"species",84,84,4.18693590164185
"species",85,85,12.0687398910522
"species",86,86,12.3985795974731
"species",87,87,12.2063398361206
"species",88,88,11.9319295883179
"species",89,89,11.6444702148438
"species",90,90,11.508810043335
"species",91,91,9.25749397277832
"species",92,92,7.11112213134766
"species",93,93,7.12129592895508
"species",94,94,2.58249402046204
"species",95,95,8.84770965576172
"species",96,96,6.40873908996582
"species",97,97,5.68363285064697
"species",98,98,5.89145278930664
"species",99,99,6.52512311935425
"species",100,100,2.87243103981018
"species",101,101,2.88666701316833
"species",102,102,2.91087508201599
"species",103,103,5.35162496566772
"species",104,104,4.63976097106934
"species",105,105,5.13756799697876
"species",106,106,4.46221590042114
"species",107,107,4.30170679092407
"species",108,108,4.00843000411987
"species",109,109,4.25780010223389
"species",110,110,4.2201771736145
"species",111,111,3.50036191940308
"species",112,112,9.5651741027832
"species",113,113,15.8099899291992
"species",114,114,5.61868476867676
"species",115,115,8.20055294036865
"species",116,116,15.5750198364258
"species",117,117,6.05780506134033
"species",118,118,15.0460796356201
"species",119,119,15.7441501617432
"species",120,120,5.64149284362793
"species",121,121,14.3630599975586
"species",122,122,15.5363903045654
"species",123,123,17.6868495941162
"species",124,124,9.16112518310547
"species",125,125,7.10817623138428
"species",126,126,13.2493295669556
"species",127,127,9.45821952819824
"species",128,128,9.54483795166016
"species",129,129,15.8012399673462
"species",130,130,14.6913995742798
"species",131,131,6.04923391342163
"species",132,132,14.0880699157715
"species",133,133,14.2517595291138
"species",134,134,15.4940395355225
"species",135,135,12.9216203689575
"species",136,136,14.5843200683594
"species",137,137,14.9999704360962
"species",138,138,11.5184898376465
"species",139,139,11.7828302383423
"species",140,140,6.36374378204346
"species",141,141,3.46830105781555
"species",142,142,8.98052787780762
"species",143,143,14.3199901580811
"species",144,144,12.8438997268677
"species",145,145,6.1293478012085
"species",146,146,5.56462812423706
"species",147,147,6.53669309616089
"species",148,148,6.07564496994019
"species",149,149,5.83632183074951
"species",150,150,5.59897422790527
"species",151,151,6.91749382019043
"species",152,152,7.40423679351807
"species",153,153,8.12856483459473
"species",154,154,3.71417498588562
"species",155,155,15.1029996871948
"species",156,156,4.01532697677612
"species",157,157,7.01584005355835
"species",158,158,7.51031017303467
"species",159,159,7.47826099395752
"species",160,160,7.43002700805664
"species",161,161,7.38624382019043
"species",162,162,7.47374391555786
"species",163,163,6.34589099884033
"species",164,164,6.5786280632019
"species",165,165,6.62868499755859
"species",166,166,6.55205583572388
"species",167,167,6.5511269569397
"species",168,168,7.20061492919922
"species",169,169,7.32480478286743
"species",170,170,6.67284393310547
"species",171,171,7.12020492553711
"species",172,172,6.78532600402832
"species",173,173,6.8857479095459
"species",174,174,7.35206890106201
"species",175,175,7.0475959777832
"species",176,176,6.82645702362061
"species",177,177,6.51874399185181
"species",178,178,6.82812976837158
"species",179,179,6.77697086334229
"species",180,180,6.36378908157349
"species",181,181,6.69007921218872
"species",182,182,6.22141313552856
"species",183,183,6.62035179138184
"species",184,184,6.31824398040771
"species",185,185,6.27273607254028
"species",186,186,6.25692319869995
"species",187,187,3.21310710906982
"species",188,188,3.22470498085022
"species",189,189,2.96124410629272
"species",190,190,2.28912496566772
"species",191,191,3.80697202682495
"species",192,192,3.87174201011658
"species",193,193,3.89024305343628
"species",194,194,3.26183295249939
"species",195,195,3.23435306549072
"species",196,196,2.8387439250946
"species",197,197,2.77459502220154
"species",198,198,1.31249403953552
"species",199,199,14.5491895675659
"species",200,200,14.2226104736328
"species",201,201,14.5549898147583
"species",202,202,14.6169900894165
"species",203,203,10.4811401367188
"species",204,204,7.07686710357666
"species",205,205,12.930290222168
"species",206,206,12.910849571228
"species",207,207,12.8801803588867
"species",208,208,12.9020099639893
"species",209,209,12.8703098297119
"species",210,210,12.8510999679565
"species",211,211,12.9064502716064
"species",212,212,12.8662395477295
"species",213,213,12.9944696426392
"species",214,214,12.8891296386719
"species",215,215,12.8532400131226
"species",216,216,12.8467397689819
"species",217,217,12.9527597427368
"species",218,218,12.8781204223633
"species",219,219,12.8481502532959
"species",220,220,12.7862396240234
"species",221,221,12.8393201828003
"species",222,222,12.9036598205566
"species",223,223,12.8618602752686
"species",224,224,12.8224897384644
"species",225,225,12.8162803649902
"species",226,226,12.8135004043579
"species",227,227,12.8061304092407
"species",228,228,12.6751899719238
"species",229,229,12.6497001647949
"species",230,230,9.51647758483887
"species",231,231,9.64458656311035
"species",232,232,9.55948638916016
"species",233,233,9.55135726928711
"species",234,234,9.55252456665039
"species",235,235,7.13385915756226
"species",236,236,9.45989608764648
"species",237,237,7.90691900253296
"species",238,238,7.55030584335327
"species",239,239,3.98499393463135
"species",240,240,11.6249904632568
"species",241,241,0.950305998325348
"species",242,242,3.60228395462036
"species",243,243,3.97238397598267
"species",244,244,3.64697909355164
"species",245,245,3.97886610031128
"species",246,246,3.69756007194519
"species",247,247,3.86419606208801
"species",248,248,3.29578304290771
"species",249,249,4.00796508789062
"species",250,250,3.46837997436523
"species",251,251,3.66882991790771
"species",252,252,3.78622007369995
