"species","x","y","e08.SST.max","e09.SST.min","e07.SAL.me","e06.PHO.min"
"species",1,1,21.2580299377441,14.4805402755737,33.2519607543945,0.556048989295959
"species",2,2,27.03830909729,13.7855997085571,33.8170013427734,0.0487070009112358
"species",3,3,25.8682098388672,12.7582197189331,34.0111999511719,0.0912640020251274
"species",4,4,27.5152893066406,16.666130065918,34.3218688964844,0.192196995019913
"species",5,5,17.8657093048096,12.4331502914429,33.4283714294434,0.597438991069794
"species",6,6,26.4362392425537,15.2474899291992,34.0163803100586,0.188646003603935
"species",7,7,26.7049903869629,14.5449895858765,33.9994316101074,0.178249999880791
"species",8,8,27.2383403778076,14.1952600479126,32.5553894042969,0.333108991384506
"species",9,9,25.9700202941895,14.8915500640869,34.2323303222656,0.231751993298531
"species",10,10,26.3911590576172,14.4642496109009,33.1245918273926,0.437615990638733
"species",11,11,26.4000797271729,14.4197101593018,33.1181182861328,0.419741004705429
"species",12,12,26.5078792572021,14.1847200393677,33.2559700012207,0.408948987722397
"species",13,13,26.7563705444336,11.938159942627,33.504940032959,0.0108899995684624
"species",14,14,14.9307203292847,11.1057195663452,32.9731101989746,0.686702013015747
"species",15,15,14.9412403106689,11.1987400054932,32.9325981140137,0.682770013809204
"species",16,16,14.9050798416138,11.083459854126,32.9335899353027,0.683103978633881
"species",17,17,22.0324897766113,5.92374420166016,33.5747909545898,0.112286001443863
"species",18,18,22.8199005126953,2.4677369594574,27.0778694152832,0.0012529999949038
"species",19,19,21.3701095581055,3.49037098884583,29.5234203338623,0.00241199997253716
"species",20,20,21.5859794616699,3.32611608505249,29.1191005706787,0.00102299998980016
"species",21,21,21.0958194732666,3.84369707107544,30.5810108184814,0.0062830001115799
"species",22,22,21.0936298370361,3.97356295585632,30.7142791748047,0.0087270000949502
"species",23,23,21.3364696502686,4.02705097198486,31.2338905334473,0.0227140001952648
"species",24,24,21.1864891052246,3.17933201789856,31.3546504974365,0.0566349998116493
"species",25,25,21.1269798278809,3.11190295219421,31.3857803344727,0.0600429996848106
"species",26,26,21.0561599731445,3.07777309417725,31.3656196594238,0.0851989984512329
"species",27,27,20.7240791320801,3.09935307502747,31.3781795501709,0.101239003241062
"species",28,28,20.2731399536133,3.30036091804504,31.4463996887207,0.108933001756668
"species",29,29,20.3994007110596,3.19213795661926,31.4294300079346,0.108338996767998
"species",30,30,19.9099903106689,3.40249395370483,31.4803295135498,0.0982690006494522
"species",31,31,21.6590003967285,0.43953999876976,32.8544311523438,0.112104997038841
"species",32,32,19.2823390960693,3.9143180847168,31.5128402709961,0.0649610012769699
"species",33,33,19.2542190551758,3.76948094367981,31.5013198852539,0.0638779997825623
"species",34,34,19.0620708465576,3.80704188346863,31.4743309020996,0.0557929985225201
"species",35,35,19.0527591705322,3.89010310173035,31.4879093170166,0.0523659996688366
"species",36,36,18.9972190856934,3.7892529964447,31.4739208221436,0.0528189986944199
"species",37,37,18.8954696655273,3.80531191825867,31.4786796569824,0.0486579984426498
"species",38,38,18.7912406921387,3.73749399185181,31.4634609222412,0.0454900003969669
"species",39,39,18.4127292633057,3.67146611213684,31.0091800689697,0.0385669991374016
"species",40,40,17.9359092712402,3.48024010658264,30.5499591827393,0.0305339992046356
"species",41,41,17.6274509429932,3.36455798149109,30.2011604309082,0.0254900008440018
"species",42,42,21.1783695220947,3.56506299972534,32.9766693115234,0.176892995834351
"species",43,43,11.9802703857422,7.1296181678772,25.024019241333,0.560280978679657
"species",44,44,12.3199300765991,7.14600992202759,25.3357696533203,0.650234997272491
"species",45,45,18.064790725708,1.63711702823639,27.5728206634521,0.0557750016450882
"species",46,46,27.1901092529297,9.73739719390869,33.2176704406738,0.0319629982113838
"species",47,47,18.0669002532959,1.67493498325348,27.5878295898438,0.0560140013694763
"species",48,48,18.0583992004395,1.77920603752136,27.5951309204102,0.0580740012228489
"species",49,49,18.1420707702637,1.4869749546051,27.2675094604492,0.0567549988627434
"species",50,50,18.0503997802734,1.79640901088715,27.6646404266357,0.0588449984788895
"species",51,51,27.0161209106445,13.7617998123169,33.4504814147949,0.135397002100945
"species",52,52,18.1081695556641,1.44450294971466,27.3369197845459,0.0583509989082813
"species",53,53,18.0687408447266,1.99749398231506,28.2843704223633,0.0507580004632473
"species",54,54,18.17333984375,1.63174700737,27.0702590942383,0.0576039999723434
"species",55,55,22.7174396514893,6.38949298858643,33.6101417541504,0.110916003584862
"species",56,56,18.0394306182861,1.89309895038605,27.8586196899414,0.058033999055624
"species",57,57,25.7174205780029,13.8886003494263,34.1110610961914,0.120664998888969
"species",58,58,26.7707290649414,13.8401699066162,33.0866508483887,0.341203987598419
"species",59,59,26.7401695251465,14.6985101699829,34.0056800842285,0.177449002861977
"species",60,60,18.16455078125,1.66330194473267,26.9213790893555,0.0600450001657009
"species",61,61,27.3155307769775,15.1798400878906,33.2269515991211,0.101746000349522
"species",62,62,27.225959777832,15.1925601959229,32.5327415466309,0.1239849999547
"species",63,63,27.5844898223877,15.3693399429321,33.6949806213379,0.0980139970779419
"species",64,64,25.8558292388916,13.9792098999023,34.1143493652344,0.122468002140522
"species",65,65,25.8114604949951,13.2629995346069,34.0910415649414,0.107565999031067
"species",66,66,27.2849197387695,13.1741104125977,33.688060760498,0.0376599989831448
"species",67,67,25.5086002349854,13.0019702911377,33.7998809814453,0.0900800004601479
"species",68,68,27.2493801116943,13.2132196426392,33.7193183898926,0.0340429991483688
"species",69,69,27.3310298919678,13.1139297485352,33.7119102478027,0.0294460002332926
"species",70,70,25.8380107879639,12.9612798690796,33.7905693054199,0.0887949988245964
"species",71,71,26.7851295471191,13.5059604644775,33.6533203125,0.0814009979367256
"species",72,72,26.2098693847656,12.8198900222778,33.8741798400879,0.0878209993243217
"species",73,73,26.1367702484131,12.9500503540039,33.7383308410645,0.0885320007801056
"species",74,74,26.8562393188477,14.7212400436401,33.5784797668457,0.23564800620079
"species",75,75,26.6187400817871,13.5449895858765,33.1159706115723,0.279796987771988
"species",76,76,27.0478000640869,13.4973297119141,33.2921905517578,0.163452997803688
"species",77,77,27.0867290496826,13.3985300064087,33.3093605041504,0.171396002173424
"species",78,78,27.1981792449951,14.3838596343994,32.9949607849121,0.292827010154724
"species",79,79,26.4754104614258,15.2985496520996,34.0618515014648,0.214003995060921
"species",80,80,26.4815406799316,15.1609802246094,33.9837989807129,0.21568900346756
"species",81,81,26.2612400054932,14.7587404251099,33.363468170166,0.372245013713837
"species",82,82,26.3133506774902,15.4872303009033,34.238151550293,0.220751002430916
"species",83,83,26.3885192871094,14.5261201858521,33.2157783508301,0.432709991931915
"species",84,84,25.9674301147461,4.18693590164185,27.6957397460938,0.00140900001861155
"species",85,85,26.7537403106689,12.0687398910522,33.4999313354492,0.0106440000236034
"species",86,86,24.0103302001953,12.3985795974731,33.5840492248535,0.116727001965046
"species",87,87,23.9231090545654,12.2063398361206,33.5961494445801,0.115938000380993
"species",88,88,23.8331203460693,11.9319295883179,33.5873107910156,0.113880001008511
"species",89,89,23.7641506195068,11.6444702148438,33.5041809082031,0.112322002649307
"species",90,90,23.7857208251953,11.508810043335,33.5302200317383,0.113393999636173
"species",91,91,26.5924892425537,9.25749397277832,32.9295310974121,0.0211679991334677
"species",92,92,23.857759475708,7.11112213134766,33.061408996582,0.103742003440857
"species",93,93,23.3591594696045,7.12129592895508,33.4114799499512,0.10903599858284
"species",94,94,24.4099903106689,2.58249402046204,29.6930694580078,0.00744999991729856
"species",95,95,26.1557006835938,8.84770965576172,33.3686103820801,0.0465710014104843
"species",96,96,22.7654209136963,6.40873908996582,33.6703109741211,0.111529000103474
"species",97,97,22.4621906280518,5.68363285064697,33.4618186950684,0.143951997160912
"species",98,98,22.6110801696777,5.89145278930664,33.4859809875488,0.133132994174957
"species",99,99,23.6344509124756,6.52512311935425,33.824089050293,0.169134005904198
"species",100,100,21.4521198272705,2.87243103981018,33.0283889770508,0.200550004839897
"species",101,101,21.8327503204346,2.88666701316833,33.0122108459473,0.205581992864609
"species",102,102,21.8633499145508,2.91087508201599,33.0231018066406,0.20737299323082
"species",103,103,22.8307590484619,5.35162496566772,33.6279792785645,0.172286003828049
"species",104,104,22.663480758667,4.63976097106934,33.012279510498,0.123685002326965
"species",105,105,22.6850109100342,5.13756799697876,33.3723297119141,0.155816003680229
"species",106,106,22.511999130249,4.46221590042114,32.9654693603516,0.13595800101757
"species",107,107,22.3762893676758,4.30170679092407,33.0403213500977,0.149875000119209
"species",108,108,22.1332607269287,4.00843000411987,33.1378402709961,0.149785995483398
"species",109,109,22.0918292999268,4.25780010223389,33.254810333252,0.164585992693901
"species",110,110,22.0944995880127,4.2201771736145,33.2177314758301,0.160239994525909
"species",111,111,20.7904396057129,3.50036191940308,33.107421875,0.187701001763344
"species",112,112,26.4674396514893,9.5651741027832,33.2909317016602,0.0205559991300106
"species",113,113,26.3562393188477,15.8099899291992,33.8962707519531,0.23981100320816
"species",114,114,23.2783107757568,5.61868476867676,33.5891494750977,0.0914110019803047
"species",115,115,25.3200492858887,8.20055294036865,33.5222511291504,0.0432960018515587
"species",116,116,27.6998405456543,15.5750198364258,33.9409484863281,0.0938569977879524
"species",117,117,21.6510105133057,6.05780506134033,33.6013984680176,0.11642400175333
"species",118,118,27.057559967041,15.0460796356201,33.6966094970703,0.194364994764328
"species",119,119,27.4060592651367,15.7441501617432,33.4436912536621,0.224513992667198
"species",120,120,21.9743900299072,5.64149284362793,33.5952987670898,0.110455997288227
"species",121,121,27.4105491638184,14.3630599975586,33.4180603027344,0.0202769991010427
"species",122,122,26.4017391204834,15.5363903045654,33.9580192565918,0.21756400167942
"species",123,123,27.9605903625488,17.6868495941162,34.2354011535645,0.186285004019737
"species",124,124,26.5844192504883,9.16112518310547,32.9093818664551,0.0193939991295338
"species",125,125,23.2690906524658,7.10817623138428,33.4572410583496,0.110428996384144
"species",126,126,25.7294101715088,13.2493295669556,33.6777610778809,0.0860660001635551
"species",127,127,26.4868907928467,9.45821952819824,33.1891403198242,0.0313270017504692
"species",128,128,26.5250091552734,9.54483795166016,33.1855888366699,0.0168559998273849
"species",129,129,26.3974895477295,15.8012399673462,34.0268402099609,0.239660993218422
"species",130,130,27.0330505371094,14.6913995742798,33.1332893371582,0.26290100812912
"species",131,131,21.8314208984375,6.04923391342163,33.558219909668,0.117500998079777
"species",132,132,26.5642890930176,14.0880699157715,33.2691383361816,0.407171994447708
"species",133,133,26.4785003662109,14.2517595291138,33.1383590698242,0.423893988132477
"species",134,134,26.2989902496338,15.4940395355225,34.2362403869629,0.219979003071785
"species",135,135,25.4881992340088,12.9216203689575,33.8663597106934,0.0907659977674484
"species",136,136,26.390869140625,14.5843200683594,33.2624397277832,0.415518999099731
"species",137,137,27.0675201416016,14.9999704360962,33.393871307373,0.239970996975899
"species",138,138,27.1937198638916,11.5184898376465,33.5123291015625,0.00962799973785877
"species",139,139,25.2283992767334,11.7828302383423,31.0730209350586,0.000117000003228895
"species",140,140,25.4199905395508,6.36374378204346,30.0595092773438,0.000352000002749264
"species",141,141,23.4854106903076,3.46830105781555,27.4635391235352,0.271457999944687
"species",142,142,26.2915992736816,8.98052787780762,31.6331005096436,1.49999996210681e-05
"species",143,143,27.1624908447266,14.3199901580811,33.5132598876953,0.0157459992915392
"species",144,144,25.7980499267578,12.8438997268677,31.8428497314453,0.00966699980199337
"species",145,145,25.6821594238281,6.1293478012085,30.9072093963623,4.19999996665865e-05
"species",146,146,14.0790996551514,5.56462812423706,33.9956817626953,0.00421199994161725
"species",147,147,14.0455799102783,6.53669309616089,31.9238204956055,0.346426010131836
"species",148,148,12.9246397018433,6.07564496994019,29.49880027771,0.109654001891613
"species",149,149,12.9714202880859,5.83632183074951,31.1325302124023,0.201197996735573
"species",150,150,13.2128896713257,5.59897422790527,28.5097198486328,0.084196999669075
"species",151,151,24.1574897766113,6.91749382019043,33.0958213806152,0.10504599660635
"species",152,152,14.3150196075439,7.40423679351807,34.8876914978027,0.0974479988217354
"species",153,153,17.0025100708008,8.12856483459473,34.6250801086426,0.175451993942261
"species",154,154,22.880989074707,3.71417498588562,31.9375495910645,0.0435589998960495
"species",155,155,26.5726509094238,15.1029996871948,34.0384407043457,0.180327996611595
"species",156,156,21.0992603302002,4.01532697677612,31.0437107086182,0.00923100020736456
"species",157,157,13.7206201553345,7.01584005355835,25.3981094360352,0.675128996372223
"species",158,158,13.3934698104858,7.51031017303467,28.9549503326416,0.315283000469208
"species",159,159,13.2854995727539,7.47826099395752,28.7193393707275,0.32947900891304
"species",160,160,13.6022500991821,7.43002700805664,29.0448093414307,0.309213995933533
"species",161,161,13.583740234375,7.38624382019043,29.0220394134521,0.312804996967316
"species",162,162,13.5374898910522,7.47374391555786,29.3220806121826,0.302536010742188
"species",163,163,17.7429790496826,6.34589099884033,25.8950500488281,0.860605001449585
"species",164,164,17.9985198974609,6.5786280632019,25.7037906646729,0.867133021354675
"species",165,165,17.9358501434326,6.62868499755859,25.5807209014893,0.863707005977631
"species",166,166,17.8233509063721,6.55205583572388,25.7536392211914,0.861064970493317
"species",167,167,17.7549896240234,6.5511269569397,25.750659942627,0.871360003948212
"species",168,168,13.9136600494385,7.20061492919922,30.7351703643799,0.28031399846077
"species",169,169,13.7561302185059,7.32480478286743,31.1574993133545,0.289424985647202
"species",170,170,15.295539855957,6.67284393310547,25.5134296417236,0.874701976776123
"species",171,171,12.9629402160645,7.12020492553711,29.4477691650391,0.111010998487473
"species",172,172,12.2539901733398,6.78532600402832,28.6792106628418,0.00231399992480874
"species",173,173,11.8707504272461,6.8857479095459,28.6674499511719,0.00673899985849857
"species",174,174,13.3993797302246,7.35206890106201,31.2192802429199,0.248794004321098
"species",175,175,12.4744300842285,7.0475959777832,30.1356506347656,0.129883006215096
"species",176,176,13.4936599731445,6.82645702362061,30.7897891998291,0.230577006936073
"species",177,177,14.0974903106689,6.51874399185181,30.8194007873535,0.222601994872093
"species",178,178,13.9202995300293,6.82812976837158,31.676399230957,0.310499012470245
"species",179,179,14.0567502975464,6.77697086334229,31.532829284668,0.288904011249542
"species",180,180,13.9845104217529,6.36378908157349,30.9566707611084,0.230254992842674
"species",181,181,14.0467500686646,6.69007921218872,31.306770324707,0.257519006729126
"species",182,182,13.8997602462769,6.22141313552856,30.9315605163574,0.23123699426651
"species",183,183,13.9989204406738,6.62035179138184,31.7590503692627,0.316087990999222
"species",184,184,13.1629400253296,6.31824398040771,30.7795696258545,0.19013600051403
"species",185,185,13.1637096405029,6.27273607254028,30.6910095214844,0.186831995844841
"species",186,186,12.951379776001,6.25692319869995,30.5923099517822,0.186771005392075
"species",187,187,17.7003707885742,3.21310710906982,32.7716293334961,0.00241900002583861
"species",188,188,17.5632591247559,3.22470498085022,32.8073501586914,0.00320199993439019
"species",189,189,17.5816402435303,2.96124410629272,32.9503707885742,0.00545800011605024
"species",190,190,18.0276298522949,2.28912496566772,29.2412796020508,0.0990220010280609
"species",191,191,17.2198696136475,3.80697202682495,30.890869140625,0.0483280010521412
"species",192,192,17.1711006164551,3.87174201011658,30.931209564209,0.0485090017318726
"species",193,193,17.1558990478516,3.89024305343628,31.0258502960205,0.0484870001673698
"species",194,194,17.640230178833,3.26183295249939,30.1377201080322,0.0385399982333183
"species",195,195,17.6719703674316,3.23435306549072,30.1146697998047,0.0379719994962215
"species",196,196,17.9137401580811,2.8387439250946,29.4235095977783,0.0239499993622303
"species",197,197,17.9751396179199,2.77459502220154,29.3287792205811,0.01914899982512
"species",198,198,18.1887397766113,1.31249403953552,28.1880702972412,0.00237399991601706
"species",199,199,20.2087707519531,14.5491895675659,33.4399299621582,0.527565002441406
"species",200,200,20.7694702148438,14.2226104736328,33.4365310668945,0.568745970726013
"species",201,201,26.7162399291992,14.5549898147583,33.9200286865234,0.156970992684364
"species",202,202,26.6867904663086,14.6169900894165,33.8320617675781,0.165805995464325
"species",203,203,14.8545799255371,10.4811401367188,31.9807090759277,0.73480099439621
"species",204,204,23.8775005340576,7.07686710357666,33.0664291381836,0.104121997952461
"species",205,205,17.9710903167725,12.930290222168,35.3072814941406,0.0163059998303652
"species",206,206,17.9535503387451,12.910849571228,35.3135986328125,0.0162749998271465
"species",207,207,17.920280456543,12.8801803588867,35.3150291442871,0.0171130001544952
"species",208,208,17.9406890869141,12.9020099639893,35.3087692260742,0.0170540008693933
"species",209,209,17.9097003936768,12.8703098297119,35.3061599731445,0.0176059994846582
"species",210,210,17.9066104888916,12.8510999679565,35.3086395263672,0.0176979992538691
"species",211,211,17.9285202026367,12.9064502716064,35.3253402709961,0.017348999157548
"species",212,212,17.9137401580811,12.8662395477295,35.3041305541992,0.0174829997122288
"species",213,213,17.9652996063232,12.9944696426392,35.3279113769531,0.0172220002859831
"species",214,214,17.9095802307129,12.8891296386719,35.3406600952148,0.0175679996609688
"species",215,215,17.8408203125,12.8532400131226,35.3438186645508,0.0189510006457567
"species",216,216,17.8452606201172,12.8467397689819,35.3593597412109,0.0190949998795986
"species",217,217,17.8936805725098,12.9527597427368,35.3287010192871,0.0189939998090267
"species",218,218,17.8685493469238,12.8781204223633,35.315990447998,0.0188239999115467
"species",219,219,17.8193607330322,12.8481502532959,35.3765907287598,0.0207780003547668
"species",220,220,17.7862396240234,12.7862396240234,35.3548011779785,0.0195620004087687
"species",221,221,17.8207302093506,12.8393201828003,35.3594512939453,0.0195179991424084
"species",222,222,17.7412204742432,12.9036598205566,35.4611892700195,0.0236000008881092
"species",223,223,18.1830997467041,12.8618602752686,35.6153182983398,0.0346600003540516
"species",224,224,18.1112403869629,12.8224897384644,35.6135902404785,0.0313449986279011
"species",225,225,18.3706092834473,12.8162803649902,35.6147613525391,0.0307730007916689
"species",226,226,18.5068206787109,12.8135004043579,35.6135406494141,0.0306150000542402
"species",227,227,18.5482692718506,12.8061304092407,35.6148109436035,0.029559999704361
"species",228,228,19.7636795043945,12.6751899719238,35.5756988525391,0.0171440001577139
"species",229,229,19.8876991271973,12.6497001647949,35.5494918823242,0.0160509999841452
"species",230,230,18.6079807281494,9.51647758483887,34.6400604248047,0.00019399999291636
"species",231,231,16.3520698547363,9.64458656311035,35.1456909179688,0.0697830021381378
"species",232,232,16.4095401763916,9.55948638916016,35.132080078125,0.0703400000929832
"species",233,233,16.4349594116211,9.55135726928711,35.140380859375,0.0702430009841919
"species",234,234,16.4130592346191,9.55252456665039,35.1411399841309,0.0739009976387024
"species",235,235,12.5344696044922,7.13385915756226,25.4500293731689,0.691676020622253
"species",236,236,16.4481391906738,9.45989608764648,35.0222206115723,0.0997800007462502
"species",237,237,18.5148105621338,7.90691900253296,34.4346885681152,0.00696599995717406
"species",238,238,17.6772804260254,7.55030584335327,34.4626312255859,0.195625007152557
"species",239,239,14.6324901580811,3.98499393463135,33.4693794250488,0.0378540009260178
"species",240,240,22.2424907684326,11.6249904632568,37.2232704162598,7.89999976404943e-05
"species",241,241,17.1004390716553,0.950305998325348,30.4344501495361,0.222641006112099
"species",242,242,22.947639465332,3.60228395462036,31.8274307250977,0.0564999990165234
"species",243,243,22.9915103912354,3.97238397598267,31.8438701629639,0.0563100017607212
"species",244,244,22.9349803924561,3.64697909355164,31.9307708740234,0.0497730001807213
"species",245,245,22.9543704986572,3.97886610031128,31.9182796478271,0.0504290014505386
"species",246,246,22.9227695465088,3.69756007194519,31.9451007843018,0.0488880015909672
"species",247,247,22.8533592224121,3.86419606208801,32.0137100219727,0.0430429987609386
"species",248,248,22.8518390655518,3.29578304290771,31.6140003204346,0.0384219996631145
"species",249,249,22.8525199890137,4.00796508789062,32.0195388793945,0.0429310016334057
"species",250,250,22.794490814209,3.46837997436523,31.7204608917236,0.0340620018541813
"species",251,251,22.5624408721924,3.66882991790771,30.923770904541,0.0301929991692305
"species",252,252,22.4913291931152,3.78622007369995,30.8185997009277,0.0309660006314516
