"species","x","y","e09.SST.min"
"species",1,1,11.1582498550415
"species",2,2,11.986720085144
"species",3,3,12.0927200317383
"species",4,4,12.2751398086548
"species",5,5,11.6821899414062
"species",6,6,12.4475402832031
"species",7,7,13.4842195510864
"species",8,8,12.3079204559326
"species",9,9,12.0443296432495
"species",10,10,11.4781303405762
"species",11,11,11.4365797042847
"species",12,12,10.9149904251099
"species",13,13,11.0605401992798
"species",14,14,13.1212396621704
"species",15,15,13.186240196228
"species",16,16,13.2829704284668
"species",17,17,13.3299999237061
"species",18,18,13.3893804550171
"species",19,19,13.4139003753662
"species",20,20,14.687370300293
"species",21,21,14.7684202194214
"species",22,22,17.2618408203125
"species",23,23,14.5491895675659
"species",24,24,14.5676803588867
"species",25,25,13.1159400939941
"species",26,26,13.9090700149536
"species",27,27,13.8401699066162
"species",28,28,13.598219871521
"species",29,29,12.7235202789307
"species",30,30,13.2540502548218
"species",31,31,13.1478500366211
"species",32,32,12.4712400436401
"species",33,33,15.2985496520996
"species",34,34,15.1609802246094
"species",35,35,15.8099899291992
"species",36,36,14.4197101593018
"species",37,37,14.4642496109009
"species",38,38,10.9409198760986
"species",39,39,13.9448795318604
"species",40,40,4.18693590164185
"species",41,41,4.24257707595825
"species",42,42,4.1559100151062
"species",43,43,11.8336696624756
"species",44,44,12.8118495941162
"species",45,45,12.6787395477295
"species",46,46,12.707070350647
"species",47,47,12.5264196395874
"species",48,48,12.3985795974731
"species",49,49,12.2063398361206
"species",50,50,11.9319295883179
"species",51,51,12.1095600128174
"species",52,52,11.7531003952026
"species",53,53,2.92439603805542
"species",54,54,9.28783798217773
"species",55,55,9.41900062561035
"species",56,56,9.38249397277832
"species",57,57,7.15009498596191
"species",58,58,4.32372617721558
"species",59,59,12.8467397689819
"species",60,60,12.8781204223633
"species",61,61,0.461838006973267
"species",62,62,3.11575603485107
"species",63,63,11.7370300292969
"species",64,64,-0.714630007743835
"species",65,65,4.4577579498291
"species",66,66,4.63976097106934
"species",67,67,12.4632301330566
"species",68,68,12.4770202636719
"species",69,69,8.67720890045166
"species",70,70,8.71978187561035
"species",71,71,7.07492017745972
"species",72,72,6.80490016937256
"species",73,73,5.57179880142212
