"species","x","y","e08.SST.max","e09.SST.min","e07.SAL.me","e03.NIT.max","e04.NIT.min","e05.PHO.max","e06.PHO.min"
"species",1,1,9.76677513122559,4.62826204299927,34.0388298034668,19.8439807891846,12.6134901046753,1.47230005264282,1.07172095775604
"species",2,2,17.1895599365234,11.2278900146484,35.2426414489746,6.91582918167114,2.05276298522949,0.657795011997223,0.34272900223732
"species",3,3,17.2476902008057,11.1582498550415,35.242790222168,6.86107301712036,1.90915894508362,0.65217798948288,0.331360012292862
"species",4,4,17.3655605316162,12.132869720459,35.099479675293,4.58215188980103,0.0511239990592003,0.538236021995544,0.191189005970955
"species",5,5,19.9491691589355,11.9554996490479,35.707878112793,0.182953998446465,0,0.26596799492836,0.231245994567871
"species",6,6,19.9916095733643,12.1648797988892,35.6796607971191,0.338887989521027,9.99999997475243e-07,0.27624300122261,0.225898995995522
"species",7,7,21.0112400054932,11.0605401992798,35.6938896179199,0.249513000249863,9.99999997475243e-07,0.270787000656128,0.228438004851341
"species",8,8,21.2274894714355,10.9149904251099,35.6932716369629,0.274729996919632,9.99999997475243e-07,0.271887987852097,0.227739006280899
"species",9,9,20.6359195709229,13.6808395385742,35.1893882751465,1.52564799785614,0.188644006848335,0.343185991048813,0.230728998780251
"species",10,10,20.519380569458,14.0748500823975,35.5747909545898,1.83340299129486,0.0137710003182292,0.37423101067543,0.252689987421036
"species",11,11,20.8240795135498,14.201000213623,35.1093711853027,2.08879995346069,0.0590209998190403,0.38578000664711,0.234549000859261
"species",12,12,20.8646697998047,14.2895698547363,34.9758110046387,1.99190700054169,0.0629699975252151,0.380504995584488,0.235229998826981
"species",13,13,20.7884292602539,14.1867399215698,35.568920135498,1.84415102005005,0.0148219997063279,0.375284999608994,0.253089994192123
"species",14,14,17.3322105407715,14.0363903045654,35.6617088317871,0.920408010482788,0.0426619984209538,0.27981498837471,0.221246004104614
"species",15,15,21.6371097564697,14.6763000488281,35.560920715332,1.81772100925446,0.0257769990712404,0.375995010137558,0.254565000534058
"species",16,16,20.9320507049561,13.6164398193359,35.2841491699219,1.10715401172638,0.0192489996552467,0.317261010408401,0.225847005844116
"species",17,17,20.9373302459717,13.5340099334717,35.3051986694336,1.52393794059753,0.0290070008486509,0.344888985157013,0.228373005986214
"species",18,18,21.0256004333496,13.4180402755737,35.3106918334961,2.15815591812134,0.0381090007722378,0.38789901137352,0.234238997101784
"species",19,19,21.2278099060059,13.3456401824951,35.509651184082,6.42413806915283,0.14054399728775,0.676562011241913,0.265114009380341
"species",20,20,20.9153900146484,13.7254695892334,35.2987213134766,0.507075011730194,0.000798999972175807,0.273636996746063,0.220551997423172
"species",21,21,21.1736106872559,13.2468099594116,35.4796485900879,6.83760595321655,0.150486007332802,0.703467011451721,0.267908006906509
"species",22,22,21.1924896240234,13.1212396621704,35.4416809082031,5.67004203796387,0.115001998841763,0.626583993434906,0.260906994342804
"species",23,23,21.0887393951416,13.1362400054932,35.3218002319336,2.36278605461121,0.0412489995360374,0.400954991579056,0.236032992601395
"species",24,24,21.2937393188477,13.186240196228,35.5096893310547,6.1221170425415,0.127454996109009,0.65683901309967,0.263545989990234
"species",25,25,21.1196193695068,13.2829704284668,35.401969909668,5.04293584823608,0.0977310016751289,0.585114002227783,0.256906986236572
"species",26,26,21.1446208953857,13.3299999237061,35.4446907043457,4.81232118606567,0.087507002055645,0.570358991622925,0.255919992923737
"species",27,27,21.1622104644775,13.2873802185059,35.4795608520508,5.21343803405762,0.0923879966139793,0.598469972610474,0.258951991796494
"species",28,28,21.0791797637939,13.3893804550171,35.4034614562988,3.15038895606995,0.0524859987199306,0.456827998161316,0.243149995803833
"species",29,29,21.1955509185791,13.2861299514771,35.491340637207,5.28661012649536,0.09392099827528,0.602973997592926,0.259555011987686
"species",30,30,21.1963691711426,13.3264503479004,35.5085601806641,5.27788114547729,0.0941810011863708,0.602376997470856,0.259406000375748
"species",31,31,21.2281608581543,13.3351097106934,35.5096092224121,5.20460605621338,0.0936240032315254,0.597711980342865,0.258634001016617
"species",32,32,21.1494598388672,13.4345197677612,35.4521293640137,4.69491100311279,0.0760219991207123,0.565042018890381,0.25577899813652
"species",33,33,20.9437694549561,14.3027400970459,35.5155410766602,2.08393907546997,0.0116609996184707,0.392874002456665,0.234804004430771
"species",34,34,21.0980796813965,13.4993095397949,35.4134483337402,3.05411791801453,0.047545000910759,0.450976997613907,0.242825999855995
"species",35,35,21.1438407897949,13.5296602249146,35.4783706665039,3.74867701530457,0.0442180000245571,0.50329601764679,0.248925998806953
"species",36,36,20.9343109130859,14.3384103775024,35.5141906738281,1.98070704936981,0.00711499992758036,0.39190599322319,0.234299004077911
"species",37,37,21.0940208435059,13.8715696334839,35.4839096069336,2.77860188484192,0.0126569997519255,0.43784099817276,0.238659992814064
"species",38,38,20.6187400817871,13.8512401580811,35.3479499816895,0.743777990341187,0.00286799995228648,0.288224995136261,0.222324997186661
"species",39,39,20.9602794647217,14.5824403762817,35.5212898254395,2.12200808525085,0.000804000010248274,0.396982997655869,0.23183199763298
"species",40,40,20.9444694519043,14.72523021698,35.5237007141113,2.12418508529663,0.000721000018529594,0.39690700173378,0.231749996542931
"species",41,41,20.6718692779541,14.0799903869629,35.3522300720215,0.795823991298676,0.00283599994145334,0.291058003902435,0.222207993268967
"species",42,42,20.9637393951416,14.8524904251099,35.5240898132324,2.39379811286926,0.000472000014269724,0.410050988197327,0.230698004364967
"species",43,43,20.0244102478027,14.1273202896118,35.8690795898438,0.0214830003678799,1.40000001920271e-05,0.23828299343586,0.215520992875099
"species",44,44,21.0305004119873,15.1670703887939,35.5263290405273,2.77935695648193,0.0204119998961687,0.420837998390198,0.22971099615097
"species",45,45,21.0532398223877,15.1962203979492,35.5256690979004,2.75515699386597,0.0247189998626709,0.419739007949829,0.230286002159119
"species",46,46,21.0403499603271,15.2147798538208,35.5289306640625,2.77749705314636,0.0171549990773201,0.419860005378723,0.229069992899895
"species",47,47,21.1053199768066,15.3196697235107,35.5260314941406,2.76793003082275,0.0174109991639853,0.419786006212234,0.229539006948471
"species",48,48,21.0246105194092,17.4080200195312,35.5678787231445,0.353606998920441,0.000763999996706843,0.216663002967834,0.188770994544029
"species",49,49,22.4578495025635,12.8864402770996,36.1603889465332,0.0366070009768009,0.000151000000187196,0.276214987039566,0.229388996958733
"species",50,50,21.7363605499268,15.0943298339844,35.5175094604492,2.84215807914734,0.0565680004656315,0.428218007087708,0.209616005420685
"species",51,51,22.5691204071045,12.8293600082397,36.20458984375,0.0447160005569458,0.000176000001374632,0.286603987216949,0.232163995504379
"species",52,52,20.7954406738281,15.1866302490234,35.4716911315918,1.6641720533371,0.00384699995629489,0.341432005167007,0.22223299741745
"species",53,53,22.6903095245361,12.7581596374512,36.2136611938477,0.0459720008075237,0.000174000000697561,0.289276003837585,0.232743993401527
"species",54,54,21.7959403991699,14.9968996047974,35.5094909667969,2.48888897895813,0.0428799986839294,0.405351012945175,0.207847997546196
"species",55,55,20.628870010376,15.1258697509766,35.4987182617188,3.49066805839539,0.194490000605583,0.457800000905991,0.222856000065804
"species",56,56,20.1924896240234,14.9017400741577,35.4471817016602,3.75127005577087,0.464572995901108,0.475782006978989,0.246930003166199
"species",57,57,20.4055309295654,15.1865301132202,35.4313697814941,3.93954706192017,0.558669984340668,0.488406985998154,0.254604995250702
"species",58,58,20.2086200714111,14.928279876709,35.4640884399414,3.57978010177612,0.345169991254807,0.462601989507675,0.236687004566193
"species",59,59,20.3475303649902,15.1716804504395,35.3570518493652,3.99142098426819,0.626455008983612,0.49404901266098,0.261864006519318
"species",60,60,19.9913902282715,14.8024196624756,35.348991394043,3.97002291679382,0.656207025051117,0.494181990623474,0.265455007553101
"species",61,61,20.0282001495361,14.6805696487427,35.4136695861816,3.75392889976501,0.59196001291275,0.47810098528862,0.25968199968338
"species",62,62,19.8803806304932,14.8846597671509,35.0959281921387,4.09030389785767,0.667847990989685,0.503683984279633,0.268480986356735
"species",63,63,19.9192695617676,14.7329502105713,35.3098411560059,4.01423215866089,0.675580978393555,0.49863600730896,0.269149988889694
"species",64,64,19.8789005279541,14.5283699035645,35.4177017211914,3.76254200935364,0.564660012722015,0.479315012693405,0.257636994123459
"species",65,65,19.8713703155518,14.5976400375366,35.3276901245117,3.99871397018433,0.676119983196259,0.497305005788803,0.2690269947052
"species",66,66,21.4512405395508,16.2349891662598,35.4416313171387,2.28736400604248,0.148015007376671,0.358296006917953,0.209858000278473
"species",67,67,21.476879119873,16.1634502410889,35.4558296203613,1.8868670463562,0.0891169980168343,0.335301995277405,0.206054002046585
"species",68,68,21.485990524292,16.1392593383789,35.466251373291,1.67130196094513,0.0735590010881424,0.323352992534637,0.205173999071121
"species",69,69,19.2844390869141,14.4671802520752,34.8515510559082,4.18528890609741,0.709685027599335,0.511241018772125,0.274327993392944
"species",70,70,21.7328605651855,17.0365390777588,35.4049911499023,3.07978796958923,0.637095987796783,0.411913990974426,0.247094005346298
"species",71,71,18.9237403869629,14.1624898910522,34.7099914550781,4.43864393234253,0.723806977272034,0.528165996074677,0.280097007751465
"species",72,72,23.1628894805908,17.2465190887451,35.5348205566406,1.76100301742554,0.0385579988360405,0.392717987298965,0.276528000831604
"species",73,73,22.0874900817871,17.1262397766113,35.5435409545898,0.0218000002205372,0.000209000005270354,0.195867002010345,0.186787992715836
"species",74,74,17.8399906158447,14.0887403488159,33.5436706542969,4.87363004684448,0.745468020439148,0.54951000213623,0.283686995506287
"species",75,75,22.5099906921387,16.2324905395508,35.594409942627,0.00633900007233024,5.7000001106644e-05,0.195884004235268,0.186912998557091
"species",76,76,17.5272006988525,14.16100025177,33.9250411987305,4.67887115478516,0.670525014400482,0.534357011318207,0.272547006607056
"species",77,77,17.1987400054932,13.9312400817871,34.236499786377,4.63505601882935,0.634028017520905,0.535960018634796,0.267785012722015
"species",78,78,17.2415103912354,13.8749399185181,34.7199897766113,4.63905715942383,0.600583016872406,0.537629008293152,0.26553401350975
"species",79,79,17.1096000671387,13.5031900405884,34.4262886047363,5.76453876495361,0.643280029296875,0.635056018829346,0.270018994808197
"species",80,80,17.1711406707764,13.6510696411133,34.4274101257324,5.40348720550537,0.626169979572296,0.606625974178314,0.26876899600029
"species",81,81,22.9594192504883,17.9401302337646,35.549259185791,0.171205997467041,0.000996000017039478,0.207829996943474,0.18708199262619
"species",82,82,17.0673007965088,13.1416997909546,35.0651016235352,8.12971782684326,0.905920028686523,0.826921999454498,0.298041999340057
"species",83,83,25.75465965271,20.7953300476074,35.3349494934082,1.68281400203705,0.216581001877785,0.313616991043091,0.212575003504753
"species",84,84,26.2620391845703,21.2468700408936,35.3134613037109,1.38414204120636,0.129329994320869,0.295002996921539,0.205681994557381
"species",85,85,17.2783203125,13.0711297988892,35.0302886962891,8.26329040527344,1.41190004348755,0.81828898191452,0.334553003311157
"species",86,86,17.291690826416,13.0887498855591,35.0382690429688,8.42350673675537,1.58125305175781,0.827382028102875,0.346576005220413
"species",87,87,26.4264602661133,21.4139709472656,35.2702903747559,0.979902029037476,0.0170569997280836,0.2759869992733,0.196577996015549
"species",88,88,17.0335102081299,12.7195301055908,34.9781494140625,10.381199836731,4.78082513809204,1.05199599266052,0.634272992610931
"species",89,89,16.1437397003174,11.9999904632568,34.8886299133301,14.1235399246216,8.29580497741699,1.50813698768616,1.08784198760986
"species",90,90,18.5277099609375,12.9450302124023,35.1165390014648,11.3099403381348,4.31295776367188,1.8036869764328,1.40290999412537
"species",91,91,19.3035297393799,13.6543302536011,35.4798889160156,16.7219009399414,6.34100008010864,1.75535404682159,1.15093994140625
"species",92,92,27.8376693725586,16.4300804138184,35.6799507141113,1.29650604724884,0.480293989181519,0.00441400008276105,0.00047999998787418
"species",93,93,27.5128993988037,14.4716997146606,35.6813316345215,1.94174194335938,0.539457023143768,0.00610300013795495,0.00080300000263378
"species",94,94,27.3749904632568,14.0049896240234,35.7194900512695,1.46455502510071,0.357816010713577,0.00493999989703298,0.000493999978061765
"species",95,95,27.4667091369629,14.0486698150635,35.7300415039062,1.24677801132202,0.288473010063171,0.00451399991288781,0.000387000007322058
"species",96,96,27.6111907958984,15.6365900039673,35.9583511352539,0.966358006000519,0.251617014408112,0.00475300010293722,0.000349999987520278
"species",97,97,27.6384391784668,16.154369354248,35.9408798217773,0.793621003627777,0.187107995152473,0.00393200013786554,0.000273000012384728
"species",98,98,27.6078300476074,15.4578399658203,35.9084510803223,1.02673494815826,0.273595988750458,0.00496400007978082,0.000372000009519979
"species",99,99,22.7149791717529,14.8883199691772,36.1740112304688,0.225169003009796,0.00383500009775162,0.0734980031847954,0.0546859987080097
"species",100,100,23.8112697601318,14.7451496124268,36.2369194030762,0.214947998523712,0.00120199995581061,0.0731799975037575,0.0538959987461567
"species",101,101,22.6147403717041,15.1239204406738,35.7331809997559,0.717993021011353,0.0120829995721579,0.102266997098923,0.052131000906229
"species",102,102,14.8521604537964,10.5283203125,31.9630107879639,13.7223100662231,6.33451795578003,1.40671598911285,0.72766900062561
"species",103,103,23.1832408905029,15.6343297958374,36.1842384338379,0.884984016418457,0,0.113678999245167,0.0503359995782375
"species",104,104,26.3782997131348,13.5273399353027,36.9580383300781,0.0316220000386238,0.000161999996635132,0.0748120024800301,0.05434700101614
"species",105,105,24.5648708343506,3.75423789024353,32.6643905639648,9.01403141021729,0.658086001873016,0.321346998214722,0.00113099999725819
"species",106,106,23.8363704681396,4.49585676193237,32.0011711120605,0.987152993679047,0.0220630001276731,0.229310005903244,0.00248200003989041
"species",107,107,23.7787399291992,4.39374399185181,31.9447803497314,1.5093560218811,0.0384549982845783,0.265992999076843,0.00567799992859364
"species",108,108,26.3812408447266,12.8724899291992,37.1004981994629,0.0463079996407032,0.00350100011564791,0.096729002892971,0.0537299998104572
"species",109,109,23.3859596252441,4.1831841468811,31.5796699523926,4.67319393157959,0.153699994087219,0.535458981990814,0.0510040000081062
"species",110,110,22.5624408721924,3.66882991790771,30.923770904541,3.65237998962402,0.591221988201141,0.134544000029564,0.0301929991692305
"species",111,111,22.5814990997314,3.36744403839111,29.708869934082,6.36964797973633,0.96188497543335,0.0968490019440651,0.0195499993860722
"species",112,112,22.8646602630615,2.55634188652039,30.6875495910645,7.89527606964111,1.16296100616455,0.364758998155594,0.0492919981479645
"species",113,113,22.3828105926514,3.58194994926453,29.7146396636963,6.15493297576904,0.897220015525818,0.0962489992380142,0.0196449998766184
"species",114,114,21.4175090789795,4.18802118301392,31.2643508911133,2.14201593399048,0.0988520011305809,0.119964003562927,0.0241299998015165
"species",115,115,22.0143795013428,3.52023696899414,29.619779586792,7.7180118560791,0.930562019348145,0.053847000002861,0.00633100001141429
"species",116,116,22.0849895477295,3.11374402046204,28.5056991577148,11.0225296020508,1.6755039691925,0.0340720005333424,0.000690000015310943
"species",117,117,21.7079391479492,3.53584504127502,29.3634605407715,7.81962919235229,0.726621985435486,0.0438770018517971,0.00108700001146644
"species",118,118,21.8701496124268,3.41548204421997,29.1890602111816,8.18510246276855,0.953495025634766,0.0444100014865398,0.00178399996366352
"species",119,119,22.9789791107178,2.33368706703186,26.8342990875244,15.2831001281738,3.05241703987122,0.0711229965090752,0.00134800001978874
"species",120,120,20.498010635376,3.48732709884644,31.667989730835,0.107785999774933,1.99999999495049e-06,0.205063000321388,0.0750169977545738
"species",121,121,21.7096195220947,3.24349808692932,28.4574203491211,8.05094814300537,1.00676703453064,0.0418329983949661,0.00160600000526756
"species",122,122,21.5859794616699,3.32611608505249,29.1191005706787,7.44232320785522,0.823966026306152,0.0352110005915165,0.00102299998980016
"species",123,123,21.3701095581055,3.49037098884583,29.5234203338623,6.11254215240479,0.634952008724213,0.0588399991393089,0.00241199997253716
"species",124,124,21.0958194732666,3.84369707107544,30.5810108184814,2.87035989761353,0.156730994582176,0.0953330025076866,0.0062830001115799
"species",125,125,21.2311897277832,3.66560506820679,29.8567695617676,4.17796277999878,0.284480005502701,0.0770009979605675,0.00431599980220199
"species",126,126,21.1816596984863,3.732666015625,30.4036998748779,3.67101407051086,0.190314993262291,0.0800049975514412,0.00264400010928512
"species",127,127,21.0936298370361,3.97356295585632,30.7142791748047,1.84155404567719,0.0648740008473396,0.111874997615814,0.0087270000949502
"species",128,128,21.0992603302002,4.01532697677612,31.0437107086182,1.70956599712372,0.0601690001785755,0.114858999848366,0.00923100020736456
"species",129,129,21.0849895477295,3.49999403953552,31.4253807067871,0.218786999583244,0.0034099998883903,0.178285002708435,0.0514470003545284
"species",130,130,21.1276206970215,3.49192810058594,31.4315795898438,0.19293899834156,0.00264000007882714,0.180373996496201,0.0548380017280579
"species",131,131,21.1698398590088,4.06496620178223,31.1117897033691,1.1948139667511,0.044684000313282,0.127859994769096,0.0118380002677441
"species",132,132,21.0612392425537,3.31874394416809,31.458869934082,0.118064001202583,0.000609999988228083,0.186516001820564,0.0612309984862804
"species",133,133,21.2602996826172,4.03794622421265,31.1929492950439,0.829501986503601,0.028872000053525,0.138252004981041,0.0158469993621111
"species",134,134,21.2729396820068,4.00192594528198,31.007209777832,0.765362024307251,0.0275650005787611,0.145005002617836,0.0210699997842312
"species",135,135,21.3364696502686,4.02705097198486,31.2338905334473,0.726701021194458,0.0252790004014969,0.147788003087044,0.0227140001952648
"species",136,136,21.2285995483398,3.53496694564819,31.3493690490723,0.268411010503769,0.00657400023192167,0.175942003726959,0.0500189997255802
"species",137,137,21.2396106719971,3.55753803253174,31.3454303741455,0.299277007579803,0.00894199963659048,0.176158994436264,0.0485699996352196
"species",138,138,21.2063293457031,3.42041206359863,31.3703308105469,0.199468001723289,0.00361900008283556,0.179413005709648,0.0554319992661476
"species",139,139,21.3134803771973,3.8133978843689,31.2784404754639,0.439031004905701,0.0139819998294115,0.163652002811432,0.0340319983661175
"species",140,140,21.325569152832,3.85816693305969,31.1744499206543,0.487612009048462,0.0154879996553063,0.157795995473862,0.0295429993420839
"species",141,141,21.3335609436035,3.5484139919281,31.338960647583,0.30290099978447,0.00898099970072508,0.175591006875038,0.0478239990770817
"species",142,142,21.1864891052246,3.17933201789856,31.3546504974365,0.185402005910873,0.00326699996367097,0.179912999272346,0.0566349998116493
"species",143,143,21.3806591033936,3.75908207893372,31.1826305389404,0.64683997631073,0.0224050004035234,0.154171004891396,0.0279409997165203
"species",144,144,21.1269798278809,3.11190295219421,31.3857803344727,0.15133099257946,0.00245300005190074,0.184031993150711,0.0600429996848106
"species",145,145,21.5662403106689,3.78249406814575,31.1679096221924,0.703378021717072,0.0241180006414652,0.149913996458054,0.0253490004688501
"species",146,146,21.4049892425537,3.00249409675598,31.3671207427979,0.326965987682343,0.00280599994584918,0.199630007147789,0.0669950023293495
"species",147,147,21.177490234375,2.90749406814575,31.4438095092773,0.386871010065079,0.000720000010915101,0.217375993728638,0.0777089968323708
"species",148,148,21.0615406036377,3.03687596321106,31.4421997070312,0.382313013076782,0.000809999997727573,0.215546995401382,0.0767370015382767
"species",149,149,20.8876209259033,3.14874911308289,31.4896297454834,0.381828993558884,0.000288000010186806,0.223309993743896,0.081106998026371
"species",150,150,20.7959003448486,3.22806811332703,31.5992298126221,0.370018988847733,0.000257000006968156,0.223124995827675,0.0810659974813461
"species",151,151,21.333740234375,3.0849940776825,31.3630790710449,0.342743009328842,0.00481399986892939,0.19158099591732,0.0602990016341209
"species",152,152,20.2292003631592,3.80164909362793,31.8149795532227,0.402186006307602,9.99999997475243e-07,0.231185004115105,0.0907350033521652
"species",153,153,20.4185695648193,3.61326503753662,31.6659507751465,0.397734999656677,4.80000016978011e-05,0.230926007032394,0.0887549966573715
"species",154,154,20.2033100128174,3.92233109474182,31.7591800689697,0.541763007640839,5.50000004295725e-05,0.243090003728867,0.0975029990077019
"species",155,155,21.4233207702637,3.75904107093811,31.1714000701904,0.679032981395721,0.023785000666976,0.154339000582695,0.029704999178648
"species",156,156,20.7797203063965,3.16779088973999,31.4749202728271,0.617823004722595,0.000661999976728112,0.245118007063866,0.0915879979729652
"species",157,157,21.0561599731445,3.07777309417725,31.3656196594238,0.746115028858185,0.00625699991360307,0.240408003330231,0.0851989984512329
"species",158,158,20.3992195129395,3.52165102958679,31.6023597717285,0.745661973953247,0.000682000012602657,0.260370999574661,0.100018002092838
"species",159,159,20.7271308898926,3.11398410797119,31.3823699951172,1.01042997837067,0.00432199984788895,0.274771988391876,0.102660000324249
"species",160,160,20.7240791320801,3.09935307502747,31.3781795501709,1.02661299705505,0.00484800012782216,0.272895008325577,0.101239003241062
"species",161,161,20.1692504882812,4.02708101272583,31.7471904754639,0.684219002723694,8.60000000102445e-05,0.25612398982048,0.105103999376297
"species",162,162,20.3476505279541,3.7093780040741,31.6859798431396,0.724712014198303,0.000407999992603436,0.260084986686707,0.104547999799252
"species",163,163,20.1654796600342,4.04380512237549,31.758020401001,0.776965975761414,0.000361000013072044,0.264306008815765,0.108882002532482
"species",164,164,20.2507190704346,3.83518600463867,31.6142692565918,0.796075999736786,0.000452999986009672,0.266270995140076,0.108712002635002
"species",165,165,20.2731399536133,3.30036091804504,31.4463996887207,1.37712001800537,0.0144009999930859,0.300285011529922,0.108933001756668
"species",166,166,20.3994007110596,3.19213795661926,31.4294300079346,1.34760999679565,0.0136940004304051,0.29815998673439,0.108338996767998
"species",167,167,19.9479598999023,3.40472388267517,31.4637298583984,1.42269694805145,0.017340999096632,0.298983007669449,0.104886002838612
"species",168,168,20.130729675293,4.00641107559204,31.6101303100586,0.845080018043518,0.00106999999843538,0.268848985433578,0.104564003646374
"species",169,169,19.9099903106689,3.40249395370483,31.4803295135498,1.51309394836426,0.0222260002046824,0.297670990228653,0.0982690006494522
"species",170,170,19.7602005004883,3.49436688423157,31.4811897277832,1.67673194408417,0.0301610007882118,0.29705598950386,0.0893519967794418
"species",171,171,22.3900909423828,12.5689296722412,37.737060546875,0.800173997879028,0.00455900002270937,0.0329359993338585,5.90000017837156e-05
"species",172,172,19.5534000396729,3.52843999862671,31.4887599945068,1.80934596061707,0.0358389988541603,0.29679799079895,0.0818310007452965
"species",173,173,19.5385208129883,3.50594997406006,31.4624805450439,1.77830505371094,0.042093001306057,0.289485991001129,0.0758050009608269
"species",174,174,19.5108890533447,3.56186294555664,31.4597301483154,1.82975196838379,0.0470860004425049,0.288740992546082,0.0734250023961067
"species",175,175,19.3474998474121,3.65364408493042,31.4585704803467,1.83807897567749,0.0574849992990494,0.284092992544174,0.0683349967002869
"species",176,176,19.4043102264404,3.74377107620239,31.4393501281738,1.71407794952393,0.0462159998714924,0.280393004417419,0.0700670033693314
"species",177,177,19.2931499481201,3.79151105880737,31.4898109436035,1.70942401885986,0.0554030016064644,0.280092000961304,0.0683080032467842
"species",178,178,19.0620708465576,3.80704188346863,31.4743309020996,1.62157201766968,0.0624830015003681,0.273662000894547,0.0557929985225201
"species",179,179,19.0527591705322,3.89010310173035,31.4879093170166,1.54639005661011,0.0531190000474453,0.272742986679077,0.0523659996688366
"species",180,180,18.9972190856934,3.7892529964447,31.4739208221436,1.53125596046448,0.0510459989309311,0.272109985351562,0.0528189986944199
"species",181,181,18.8815307617188,3.84606194496155,31.4785804748535,1.50138700008392,0.040022000670433,0.270148009061813,0.0478900000452995
"species",182,182,18.8954696655273,3.80531191825867,31.4786796569824,1.49710595607758,0.0399140007793903,0.270339012145996,0.0486579984426498
"species",183,183,18.7912406921387,3.73749399185181,31.4634609222412,1.47484397888184,0.0337230004370213,0.26740700006485,0.0454900003969669
"species",184,184,22.0337390899658,12.1818599700928,34.9257507324219,2.57005190849304,0.133908003568649,0.107308000326157,0.000132000001030974
"species",185,185,18.5106506347656,3.7019579410553,31.315149307251,1.55497598648071,0.0228710006922483,0.276533991098404,0.0430210009217262
"species",186,186,22.1555194854736,11.9187297821045,34.7336616516113,3.01125502586365,0.24261200428009,0.0982260033488274,0.000113000001874752
"species",187,187,18.4127292633057,3.67146611213684,31.0091800689697,1.78835201263428,0.0457039996981621,0.281158000230789,0.0385669991374016
"species",188,188,18.1406097412109,3.56341600418091,30.8830394744873,2.0719211101532,0.0711729973554611,0.29135400056839,0.0361940003931522
"species",189,189,18.1606998443604,3.56095910072327,30.9204998016357,1.94553303718567,0.0638109967112541,0.28413999080658,0.0365110002458096
"species",190,190,17.7947998046875,3.43002510070801,30.2500991821289,3.05679988861084,0.15718300640583,0.297735989093781,0.0192750003188848
"species",191,191,17.6284408569336,3.46404194831848,30.259069442749,2.78816890716553,0.140558004379272,0.304684013128281,0.0245140008628368
"species",192,192,17.5343608856201,3.50354695320129,30.2500991821289,2.63377094268799,0.120283000171185,0.308032989501953,0.0291109997779131
"species",193,193,17.6680698394775,3.41310000419617,30.1079006195068,2.76509594917297,0.134882003068924,0.301584988832474,0.0250950008630753
"species",194,194,17.6508808135986,3.44984698295593,30.1272506713867,2.68850994110107,0.126914992928505,0.30546098947525,0.0277459993958473
"species",195,195,17.6274509429932,3.36455798149109,30.2011604309082,2.74304008483887,0.132828995585442,0.301811993122101,0.0254900008440018
"species",196,196,17.6002101898193,3.37350010871887,30.064769744873,2.73744893074036,0.13077400624752,0.304883986711502,0.0268779993057251
"species",197,197,17.3990306854248,3.35351395606995,30.2008304595947,2.67838501930237,0.126120999455452,0.306883990764618,0.0279300007969141
"species",198,198,17.2443199157715,3.40026807785034,30.2919902801514,2.51156497001648,0.0954319983720779,0.317851006984711,0.0331090018153191
"species",199,199,17.572639465332,3.40221500396729,30.077880859375,2.69338488578796,0.127103000879288,0.306008011102676,0.0277350004762411
"species",200,200,17.0711307525635,3.39104700088501,30.4657592773438,2.50379395484924,0.0952659994363785,0.320235013961792,0.0331690013408661
"species",201,201,16.9612407684326,3.28624391555786,30.4992198944092,2.45660901069641,0.0822110027074814,0.321644991636276,0.0370200015604496
"species",202,202,16.8538703918457,3.30546092987061,30.5708293914795,2.47591996192932,0.0807470008730888,0.32234799861908,0.0363820008933544
"species",203,203,17.4577007293701,3.3020761013031,30.2359008789062,2.67628407478333,0.124884001910686,0.30621999502182,0.0283550005406141
"species",204,204,17.3936901092529,3.3187620639801,30.2390003204346,2.65757393836975,0.123021997511387,0.306921005249023,0.0287529993802309
"species",205,205,16.6579093933105,3.3120219707489,30.8524398803711,2.3897430896759,0.0599419996142387,0.326725006103516,0.0411109998822212
"species",206,206,17.1025295257568,1.15164995193481,30.4534206390381,0.963126003742218,0.00428099976852536,0.332845002412796,0.220482006669044
"species",207,207,17.3598194122314,0.982484996318817,30.3992805480957,1.13976895809174,0.0122760003432631,0.341302007436752,0.223219007253647
"species",208,208,17.3336696624756,0.998385012149811,30.411979675293,1.10762894153595,0.0140779996290803,0.338701009750366,0.223232999444008
"species",209,209,17.2642593383789,1.02605795860291,30.4301490783691,1.08891999721527,0.0124730002135038,0.338050007820129,0.22307200729847
"species",210,210,17.0950298309326,0.918711006641388,30.4228401184082,1.06328797340393,0.00901800021529198,0.337563991546631,0.222746998071671
"species",211,211,13.7524900436401,2.8074939250946,30.4413204193115,3.67288589477539,0.0816410034894943,0.382697999477386,0.0342959985136986
"species",212,212,25.6204490661621,9.37600803375244,35.0731201171875,0.49770799279213,0.00306400004774332,0.170717000961304,0.0715970024466515
"species",213,213,25.5994491577148,9.35964202880859,35.0475883483887,0.386990994215012,0.001985999988392,0.169605001807213,0.0718429982662201
"species",214,214,16.4130592346191,9.55252456665039,35.1411399841309,0.727276027202606,0.00614799978211522,0.186195001006126,0.0739009976387024
"species",215,215,12.1624898910522,7.49374389648438,27.0312404632568,3.71798610687256,0.0378930009901524,0.98234099149704,0.448980987071991
"species",216,216,12.3199300765991,7.14600992202759,25.3357696533203,3.61929297447205,0.1058129966259,1.23670601844788,0.650234997272491
"species",217,217,16.7897491455078,9.29144477844238,34.9888381958008,0.444256991147995,0.0568719990551472,0.176690995693207,0.0992109999060631
"species",218,218,16.8248901367188,9.64979553222656,35.0354614257812,0.781663000583649,1.99999999495049e-06,0.23293299973011,0.148800998926163
"species",219,219,16.6154899597168,9.13737201690674,34.7878608703613,0.581745028495789,0.0183099992573261,0.225446999073029,0.135096997022629
"species",220,220,16.5435390472412,8.99581813812256,34.7909889221191,0.852243006229401,0.0699080005288124,0.245741993188858,0.119542002677917
"species",221,221,17.0025100708008,8.12856483459473,34.6250801086426,0.573819994926453,0.0231490004807711,0.274195998907089,0.175451993942261
"species",222,222,17.3274898529053,7.851243019104,34.6042518615723,0.549319982528687,0.0329600013792515,0.287290990352631,0.183475002646446
"species",223,223,17.3555107116699,7.87559604644775,34.5748405456543,0.572302997112274,0.0492569990456104,0.29985898733139,0.1909009963274
"species",224,224,16.9652194976807,8.14930152893066,34.6290893554688,0.577473998069763,0.0227690003812313,0.273472994565964,0.174925997853279
"species",225,225,17.1653499603271,8.02500438690186,34.5983581542969,0.55988597869873,0.0331629998981953,0.286045998334885,0.182888001203537
"species",226,226,18.0035190582275,7.18874883651733,34.1010093688965,0.688067018985748,0.0655779987573624,0.344850987195969,0.212028995156288
"species",227,227,18.0234298706055,7.18094301223755,34.1996002197266,0.668743014335632,0.0644899979233742,0.341361999511719,0.21034100651741
"species",228,228,17.5372009277344,7.67840814590454,34.5380706787109,0.576532006263733,0.0525830015540123,0.30180299282074,0.192008003592491
"species",229,229,17.8096199035645,7.31887483596802,33.9935188293457,0.663010001182556,0.068122997879982,0.35393100976944,0.213866993784904
"species",230,230,18.0572891235352,7.13092613220215,34.264720916748,0.648775994777679,0.0643400028347969,0.334212988615036,0.207305997610092
"species",231,231,17.7257499694824,7.36925888061523,33.9814796447754,0.657549023628235,0.0773859992623329,0.360029011964798,0.215385004878044
"species",232,232,17.3336296081543,7.63607406616211,33.9434700012207,0.544825971126556,0.0693219974637032,0.382665008306503,0.217015996575356
"species",233,233,17.3876895904541,7.591796875,33.9973602294922,0.550863981246948,0.0716790035367012,0.381334990262985,0.216962993144989
"species",234,234,17.2319107055664,7.56712102890015,32.2693901062012,3.11213111877441,0.264382004737854,0.28218400478363,0.0103890001773834
"species",235,235,18.0199909210205,6.33624410629272,34.1449317932129,0.795723021030426,0.0583299994468689,0.713528990745544,0.30927899479866
"species",236,236,19.0555896759033,5.0439338684082,30.5342807769775,14.0486497879028,1.46147894859314,0.312195003032684,0.00489100022241473
"species",237,237,18.539249420166,5.70460319519043,34.0857391357422,2.70234704017639,0.194162994623184,1.35749304294586,0.563342988491058
"species",238,238,19.0433597564697,5.03437185287476,30.5027103424072,14.097620010376,1.47753298282623,0.312368005514145,0.00473999977111816
"species",239,239,15.3941698074341,8.91958618164062,34.9793014526367,4.47951698303223,0.00844000000506639,0.400985985994339,0.0462450012564659
"species",240,240,16.2202396392822,8.07791709899902,34.3824005126953,6.08242177963257,0.643494009971619,0.389836013317108,0.00229400000534952
"species",241,241,18.6650104522705,4.76632690429688,31.7384490966797,7.49780321121216,1.77842700481415,0.312314003705978,0.00123699998948723
"species",242,242,16.2062397003174,7.70749378204346,34.1076202392578,7.01546001434326,0.960645973682404,0.39751198887825,0.00213699997402728
"species",243,243,16.1420307159424,8.03520202636719,34.2425498962402,6.14762592315674,0.542236983776093,0.37958100438118,0.000989999971352518
"species",244,244,15.8464298248291,8.17303657531738,34.7118186950684,5.01749992370605,0.0875980034470558,0.380201011896133,0.0173819996416569
"species",245,245,15.3609199523926,8.12384796142578,35.0878410339355,5.10226202011108,0.0208359993994236,0.404419004917145,0.0441019982099533
"species",246,246,16.9987392425537,5.36624383926392,33.046070098877,4.71733379364014,0.100973002612591,0.628021001815796,0.24727800488472
"species",247,247,14.0661602020264,7.41478204727173,34.3133087158203,3.43304395675659,0.0102390004321933,0.323675990104675,0.116943001747131
"species",248,248,13.8533802032471,6.9121241569519,34.6870803833008,3.32233810424805,0.0455729998648167,0.318340003490448,0.0693420022726059
"species",249,249,13.7599096298218,7.03598880767822,34.7702102661133,3.43110990524292,0.0103420000523329,0.322192996740341,0.0819879993796349
"species",250,250,17.5266208648682,3.11861205101013,33.1679611206055,2.10100102424622,0.0397629998624325,0.238579005002975,0.0198069997131824
"species",251,251,13.9312400817871,7.55999422073364,35.0452690124512,4.35101413726807,0.000569999974686652,0.377348989248276,0.0950250029563904
"species",252,252,13.9799604415894,7.60831689834595,35.0632705688477,4.66822814941406,0.0022579999640584,0.394100993871689,0.0941969975829124
"species",253,253,13.9515895843506,7.52027320861816,35.0282707214355,4.46669006347656,0.00354099995456636,0.383740991353989,0.0948359966278076
"species",254,254,13.583740234375,6.93499422073364,34.8760795593262,4.03242683410645,0.0632340013980865,0.35343199968338,0.0866710022091866
"species",255,255,14.0478401184082,7.51964712142944,35.1654586791992,5.52909803390503,0.0257079992443323,0.442651003599167,0.0908680036664009
"species",256,256,17.5504207611084,3.31439805030823,31.6805896759033,1.62987399101257,0.00100299995392561,0.243205994367599,0.0684660002589226
"species",257,257,13.7634897232056,7.36812210083008,35.1305313110352,5.43769311904907,0.0127400001510978,0.436919003725052,0.0936150029301643
"species",258,258,18.0673694610596,1.68022501468658,27.6487693786621,1.68151795864105,0.050076000392437,0.214661002159119,0.0599710009992123
"species",259,259,12.8945903778076,6.78648376464844,35.0576591491699,5.63982391357422,0.0183439999818802,0.451965987682343,0.0889640003442764
"species",260,260,12.9603300094604,6.88116216659546,35.0503387451172,5.59979581832886,0.0227739997208118,0.448998987674713,0.0895169973373413
"species",261,261,12.9002895355225,6.81317806243896,35.0580711364746,5.62020301818848,0.0139800002798438,0.450390011072159,0.0900060012936592
"species",262,262,12.8862400054932,6.79374408721924,35.0539016723633,5.61116409301758,0.020821999758482,0.449972003698349,0.0896700024604797
"species",263,263,12.9940395355225,6.91999912261963,35.0347900390625,5.59867811203003,0.0221580006182194,0.448522001504898,0.0895479992032051
"species",264,264,13.0116195678711,6.95735216140747,35.051830291748,5.62892818450928,0.00888399966061115,0.449822992086411,0.0902789980173111
"species",265,265,13.0299701690674,6.97888994216919,35.0505599975586,5.65788602828979,0.00893899984657764,0.451000988483429,0.0900150015950203
"species",266,266,12.9257202148438,6.8624792098999,35.0840797424316,5.67123222351074,0.00648499978706241,0.452652007341385,0.0907009989023209
"species",267,267,12.9636898040771,6.94590282440186,35.103271484375,5.68906307220459,0.0011170000070706,0.452378988265991,0.0910039991140366
