"species","x","y","e08.SST.max","e09.SST.min","e03.NIT.max","e05.PHO.max"
"species",1,1,22.5182399749756,16.2034091949463,2.50278091430664,0.420224010944366
"species",2,2,22.4951305389404,16.1818008422852,2.47002911567688,0.418361991643906
"species",3,3,22.5234107971191,16.1974105834961,2.42376589775085,0.416036009788513
"species",4,4,22.4578495025635,12.8864402770996,0.0366070009768009,0.276214987039566
"species",5,5,22.5691204071045,12.8293600082397,0.0447160005569458,0.286603987216949
"species",6,6,20.9437408447266,17.0062408447266,0.554427981376648,0.233843997120857
"species",7,7,23.201789855957,17.200870513916,1.85430705547333,0.395943999290466
"species",8,8,23.2936305999756,17.302059173584,1.83923602104187,0.395520985126495
"species",9,9,23.2603492736816,17.3483505249023,1.73068296909332,0.390525996685028
"species",10,10,23.1628894805908,17.2465190887451,1.76100301742554,0.392717987298965
"species",11,11,23.0998497009277,17.2824592590332,1.51406896114349,0.384025990962982
"species",12,12,22.5099906921387,16.2324905395508,0.00633900007233024,0.195884004235268
"species",13,13,22.4286708831787,16.5787696838379,0.00528400018811226,0.195861995220184
"species",14,14,22.8949909210205,17.4049892425537,1.27026605606079,0.364668011665344
"species",15,15,22.9594192504883,17.9401302337646,0.171205997467041,0.207829996943474
"species",16,16,23.0140495300293,17.9315795898438,0.175261005759239,0.208710998296738
"species",17,17,23.0287399291992,17.9537391662598,0.173857003450394,0.210556000471115
"species",18,18,23.0461692810059,18.048189163208,0.169686004519463,0.210918992757797
"species",19,19,23.0318698883057,18.2327499389648,0.163791000843048,0.211777999997139
"species",20,20,23.0390491485596,18.0754909515381,0.149603992700577,0.210298001766205
"species",21,21,23.0349407196045,18.3365001678467,0.206015005707741,0.216213002800941
"species",22,22,23.0373592376709,18.1789894104004,0.128610998392105,0.209952995181084
"species",23,23,22.9699897766113,18.3062400817871,0.081445001065731,0.206486001610756
"species",24,24,24.67214012146,18.9768295288086,1.70158004760742,0.374352991580963
"species",25,25,24.6594791412354,18.9474105834961,1.69874894618988,0.373917013406754
"species",26,26,23.1022396087646,18.68284034729,0.0442759990692139,0.202728003263474
"species",27,27,23.1396198272705,18.8018093109131,0.0319139994680882,0.200094997882843
"species",28,28,23.1453800201416,18.7813491821289,0.0177740007638931,0.197332993149757
"species",29,29,23.4990196228027,19.5062007904053,0.0091789998114109,0.193489000201225
"species",30,30,23.5057601928711,19.540599822998,0.00827000010758638,0.193452998995781
"species",31,31,26.081750869751,21.1837501525879,0.980560004711151,0.281010985374451
"species",32,32,23.5049095153809,19.5440692901611,0.00582099985331297,0.193425998091698
"species",33,33,25.7411403656006,20.6927890777588,0.841974020004272,0.276946991682053
"species",34,34,23.790620803833,19.1238193511963,0.0021949999500066,0.192957997322083
"species",35,35,23.8094692230225,19.0921001434326,0.00213799998164177,0.192973002791405
"species",36,36,23.9574909210205,18.8374900817871,0.00223800004459918,0.192807003855705
"species",37,37,23.8952693939209,18.879940032959,0.996899008750916,0.318138003349304
"species",38,38,24.3569202423096,20.3087997436523,0.00112999998964369,0.193205997347832
"species",39,39,24.3950691223145,20.392749786377,0.00177099998109043,0.193421006202698
"species",40,40,27.1936798095703,21.9951305389404,0.83909797668457,0.251551985740662
"species",41,41,26.3114604949951,20.4683799743652,0.188370004296303,0.294292002916336
"species",42,42,27.4020500183105,22.2990608215332,0.554970026016235,0.23555800318718
"species",43,43,27.3892707824707,22.2914600372314,0.594298005104065,0.237305998802185
"species",44,44,26.3407096862793,20.4791297912598,0.188158005475998,0.294046998023987
"species",45,45,26.4251194000244,20.4542102813721,0.191935002803802,0.293848991394043
"species",46,46,26.3596801757812,20.1352806091309,0.184735998511314,0.293603003025055
"species",47,47,26.3199901580811,19.8924903869629,0.180612996220589,0.293354988098145
"species",48,48,26.4303607940674,20.2589092254639,0.178701996803284,0.293007999658585
"species",49,49,26.386100769043,20.0572891235352,0.146947994828224,0.291936010122299
"species",50,50,26.4615306854248,19.9152793884277,0.136728003621101,0.291568011045456
"species",51,51,27.3313007354736,22.2678394317627,0.430213004350662,0.224282994866371
"species",52,52,26.4373893737793,20.0579795837402,0.181466996669769,0.293565005064011
"species",53,53,26.5391902923584,19.9810905456543,0.150734007358551,0.292133003473282
"species",54,54,27.3378295898438,22.2632293701172,0.414373010396957,0.222711995244026
"species",55,55,26.5870704650879,20.6246109008789,0.212244004011154,0.294710993766785
"species",56,56,26.6124897003174,20.9712390899658,0.272713005542755,0.297356992959976
"species",57,57,26.5590896606445,19.8623104095459,0.106259003281593,0.290793001651764
"species",58,58,26.5808601379395,20.2223491668701,0.171301007270813,0.292670994997025
"species",59,59,27.3518905639648,22.271110534668,0.413185000419617,0.222402006387711
"species",60,60,26.5356006622314,19.6200103759766,0.0922219976782799,0.288969993591309
"species",61,61,26.5844707489014,20.0612201690674,0.121742002665997,0.290497004985809
"species",62,62,26.5199909210205,19.2624893188477,0.0769120007753372,0.28778201341629
"species",63,63,26.4684791564941,20.0073699951172,0.0636690035462379,0.285382002592087
"species",64,64,26.4555797576904,20.2211399078369,0.0449180006980896,0.283387988805771
"species",65,65,26.4601192474365,20.286470413208,0.0350279994308949,0.282476991415024
"species",66,66,26.396240234375,20.1574897766113,0.0352969989180565,0.282465994358063
"species",67,67,26.5879497528076,20.3757495880127,0.0542390011250973,0.283484011888504
"species",68,68,26.6105804443359,20.4899101257324,0.0604959987103939,0.283802002668381
"species",69,69,26.6562805175781,20.2941703796387,0.0625649988651276,0.282835990190506
"species",70,70,27.1905193328857,18.7516593933105,0.0393939986824989,0.277687013149261
"species",71,71,27.1273899078369,20.3492794036865,0.0151190003380179,0.279691010713577
"species",72,72,27.1161308288574,20.2347202301025,0.0177619997411966,0.279356986284256
"species",73,73,27.1323509216309,20.6442699432373,0.0484279990196228,0.281421005725861
"species",74,74,27.1308193206787,20.0883407592773,0.0199040006846189,0.277897000312805
"species",75,75,27.2541599273682,21.5428295135498,0.0762510001659393,0.282981008291245
"species",76,76,27.2291507720947,21.3903408050537,0.100213997066021,0.284061998128891
"species",77,77,27.1621799468994,20.0425891876221,0.0172279998660088,0.277786999940872
"species",78,78,27.1502208709717,20.904670715332,0.046179998666048,0.280723005533218
"species",79,79,27.1718807220459,19.9864807128906,0.0291889999061823,0.27776101231575
"species",80,80,27.318790435791,19.5879306793213,0.0804779976606369,0.277307987213135
"species",81,81,27.3323307037354,19.5744094848633,0.076944999396801,0.277296990156174
"species",82,82,27.2054595947266,21.1407203674316,0.0115470001474023,0.278667002916336
"species",83,83,27.2199802398682,21.2389907836914,0.0340280011296272,0.280111998319626
"species",84,84,27.2529602050781,20.9243392944336,0.00673899985849857,0.278605997562408
"species",85,85,27.4620990753174,19.9582500457764,0.0851629972457886,0.277186006307602
"species",86,86,27.2991409301758,23.0116405487061,3.19999999192078e-05,0.265022993087769
"species",87,87,27.2877807617188,22.9955596923828,3.19999999192078e-05,0.265062004327774
"species",88,88,27.2825794219971,22.9901695251465,3.40000005962793e-05,0.265915989875793
"species",89,89,27.4605293273926,20.0192394256592,0.0892620012164116,0.277208000421524
"species",90,90,27.3124904632568,23.0037403106689,3.30000002577435e-05,0.26621600985527
"species",91,91,27.5387992858887,22.3076190948486,0.00172099994961172,0.193165004253387
"species",92,92,27.3274898529053,21.1449909210205,0.00408599991351366,0.278625994920731
"species",93,93,26.5323696136475,22.3249607086182,0.0472370013594627,0.269578993320465
"species",94,94,26.546630859375,22.3200092315674,0.0440910011529922,0.269421994686127
"species",95,95,26.5394992828369,22.3181400299072,0.0510750003159046,0.269836992025375
"species",96,96,27.8862800598145,22.4246597290039,0.00680699991062284,0.193139001727104
"species",97,97,26.5679607391357,22.2971591949463,0.0407470017671585,0.269221991300583
"species",98,98,26.7949905395508,22.5583591461182,0.053872000426054,0.269980996847153
"species",99,99,26.5545597076416,22.3166809082031,0.0474199987947941,0.269623011350632
"species",100,100,26.9527397155762,22.6534996032715,0.053727999329567,0.269962996244431
"species",101,101,27.9947891235352,22.7034397125244,0.0127410003915429,0.193431004881859
"species",102,102,26.6893405914307,22.3494205474854,0.0313859991729259,0.268747985363007
"species",103,103,26.5940799713135,22.2976493835449,0.0448880009353161,0.269470989704132
"species",104,104,26.6357402801514,22.3142604827881,0.0361489988863468,0.268947005271912
"species",105,105,26.646240234375,22.3124904632568,0.0272979997098446,0.268393993377686
"species",106,106,26.7194900512695,22.4957599639893,0.0596599988639355,0.270529985427856
"species",107,107,28.0024890899658,22.7199897766113,0.0135260000824928,0.193516001105309
"species",108,108,26.7025394439697,22.3254909515381,0.0273729991167784,0.268391013145447
"species",109,109,26.622709274292,22.3110694885254,0.0443740002810955,0.269450008869171
"species",110,110,26.7608108520508,22.3561191558838,0.0230810008943081,0.268193989992142
"species",111,111,26.866039276123,22.6191902160645,0.0549600012600422,0.270283997058868
"species",112,112,26.9234199523926,22.6590900421143,0.0520199984312057,0.270298004150391
"species",113,113,26.8792705535889,22.4382305145264,0.0205780006945133,0.267994999885559
"species",114,114,26.6815299987793,22.3154697418213,0.0372469983994961,0.269008994102478
"species",115,115,26.8156795501709,22.355749130249,0.0218529999256134,0.267969012260437
"species",116,116,26.8139400482178,22.3664093017578,0.0318720005452633,0.268615007400513
"species",117,117,26.7921600341797,22.3864307403564,0.0395470000803471,0.26910200715065
"species",118,118,26.8960800170898,22.413179397583,0.0164609998464584,0.267677992582321
"species",119,119,26.8296794891357,22.3446502685547,0.0240240003913641,0.26807901263237
"species",120,120,26.8166999816895,22.3870601654053,0.0380860008299351,0.269161999225616
"species",121,121,26.9699897766113,22.427490234375,0.0129230003803968,0.267392992973328
"species",122,122,26.9106197357178,22.409969329834,0.0136280003935099,0.267455011606216
"species",123,123,27.0184001922607,22.5040607452393,0.0116739999502897,0.267278999090195
"species",124,124,26.8585891723633,22.5273399353027,0.0568509995937347,0.270336002111435
"species",125,125,26.9762306213379,22.463680267334,0.0125620001927018,0.267340004444122
"species",126,126,26.9256706237793,22.4221305847168,0.0138360001146793,0.267558008432388
"species",127,127,27.0298004150391,22.5121402740479,0.0120679996907711,0.267289996147156
"species",128,128,26.922290802002,22.436149597168,0.0198500007390976,0.267926007509232
"species",129,129,27.1240406036377,22.6152000427246,0.011196999810636,0.267113000154495
"species",130,130,27.9386005401611,20.2945194244385,0.00573199987411499,0.277222007513046
"species",131,131,27.1662902832031,22.6724796295166,0.0104790003970265,0.267159998416901
"species",132,132,27.1396999359131,22.6417503356934,0.0116280000656843,0.267482995986938
"species",133,133,27.1487407684326,22.6662406921387,0.0101410001516342,0.26740899682045
"species",134,134,27.1810207366943,22.6914501190186,0.00985900033265352,0.267206996679306
"species",135,135,27.986629486084,20.0361804962158,0.00970400031656027,0.277054011821747
"species",136,136,27.2229099273682,22.7501907348633,0.0100309997797012,0.267560005187988
"species",137,137,27.2209491729736,22.7352504730225,0.0114169996231794,0.267859995365143
"species",138,138,27.8312206268311,22.3475799560547,0.00714199990034103,0.281746000051498
"species",139,139,27.3226699829102,22.8730907440186,0.00935299973934889,0.267903000116348
"species",140,140,27.2760105133057,22.7917003631592,0.00798099953681231,0.268590986728668
"species",141,141,28.1722507476807,21.6469993591309,0.000243999995291233,0.279924988746643
"species",142,142,29.5482406616211,22.5917205810547,0.00232900003902614,0.19309900701046
"species",143,143,28.28782081604,20.0559005737305,0.0249000005424023,0.277043998241425
"species",144,144,28.3041896820068,19.96755027771,0.0396750010550022,0.27674800157547
"species",145,145,27.6011295318604,23.7212905883789,0.00784500036388636,0.272738009691238
"species",146,146,28.2928695678711,20.3546104431152,0.0134690003469586,0.277069985866547
"species",147,147,28.3364295959473,20.1984596252441,0.0445690006017685,0.276722997426987
"species",148,148,27.9462394714355,23.9262409210205,0.00044599999091588,0.281654000282288
"species",149,149,28.3238391876221,20.2568702697754,0.0387249998748302,0.276944994926453
"species",150,150,25.5401706695557,22.2704792022705,0.0128889996558428,0.151816993951797
"species",151,151,27.6965599060059,23.8538703918457,0.00495400000363588,0.27394300699234
"species",152,152,28.3642807006836,20.4791603088379,0.0376759991049767,0.27690601348877
"species",153,153,28.3482608795166,20.8257102966309,0.0262049995362759,0.277191013097763
"species",154,154,28.3551502227783,20.5860900878906,0.041728999465704,0.276917010545731
"species",155,155,28.052209854126,23.8433799743652,0.00282200006768107,0.275245994329453
"species",156,156,28.0469303131104,23.8471698760986,0.00355500006116927,0.274809002876282
"species",157,157,28.3715496063232,20.5049591064453,0.0340409986674786,0.276634991168976
"species",158,158,29.75465965271,22.3570194244385,0.000372999988030642,0.189267992973328
"species",159,159,28.3533496856689,20.7352905273438,0.0218509994447231,0.277245998382568
"species",160,160,29.6770992279053,22.5637397766113,0.000218999994103797,0.189239993691444
"species",161,161,28.3835296630859,22.1285495758057,2.80000003840541e-05,0.281127989292145
"species",162,162,29.5074691772461,23.0470199584961,0.000291000003926456,0.190503999590874
"species",163,163,27.9885902404785,23.3184604644775,0.00709300022572279,0.275575011968613
"species",164,164,30.2243099212646,22.2878398895264,0.000192999999853782,0.186464995145798
"species",165,165,27.9921894073486,23.9757995605469,0.00177900004200637,0.27674201130867
"species",166,166,30.3599891662598,22.1362400054932,0.000449999992270023,0.186234995722771
"species",167,167,27.997989654541,23.9913997650146,0.00145800004247576,0.277155995368958
"species",168,168,28.4113101959229,21.0313091278076,0.0147749995812774,0.276746988296509
"species",169,169,30.1252708435059,22.6851596832275,0.000105999999505002,0.186884999275208
"species",170,170,29.5057601928711,23.2678108215332,0.000385999999707565,0.190035000443459
"species",171,171,30.8179702758789,21.5031700134277,0.00308199995197356,0.17747800052166
"species",172,172,28.2381191253662,23.7322902679443,0.00236999988555908,0.279053002595901
"species",173,173,28.6027908325195,21.6215991973877,0.0317610017955303,0.27777498960495
"species",174,174,28.6586608886719,21.6826992034912,0.0271329991519451,0.2776780128479
"species",175,175,28.7424907684326,21.5662403106689,0.0241800006479025,0.277664989233017
"species",176,176,28.8232707977295,21.7995891571045,0.0695919990539551,0.277446985244751
"species",177,177,29.0374908447266,21.5112400054932,0.123779997229576,0.277624994516373
"species",178,178,29.0653800964355,21.7573108673096,0.0768079981207848,0.277828007936478
"species",179,179,29.1518096923828,21.6689395904541,0.0847150012850761,0.277592986822128
"species",180,180,29.1206302642822,21.7560501098633,0.0735580027103424,0.277673006057739
"species",181,181,28.6907901763916,23.2163696289062,0.00154800002928823,0.281302988529205
"species",182,182,29.1474895477295,21.6412391662598,0.051316000521183,0.277837008237839
"species",183,183,29.150089263916,21.691499710083,0.100137002766132,0.277554988861084
"species",184,184,28.9829406738281,22.1633605957031,0.0381300002336502,0.278035998344421
"species",185,185,29.2137908935547,21.6592998504639,0.0944150015711784,0.277408987283707
"species",186,186,28.8384990692139,25.2302207946777,0.00123199995141476,0.286356002092361
"species",187,187,29.0465698242188,22.260799407959,0.0220650006085634,0.27818900346756
"species",188,188,29.0724506378174,22.1526298522949,0.0310779996216297,0.277916997671127
"species",189,189,28.8300304412842,23.1842594146729,0.0021329999435693,0.279989004135132
"species",190,190,28.8837604522705,25.270959854126,0.000734000001102686,0.285059988498688
"species",191,191,29.0901107788086,22.1585102081299,0.0374800004065037,0.277678996324539
"species",192,192,28.8808708190918,25.2828807830811,0.000875000027008355,0.285275995731354
"species",193,193,29.0102005004883,22.4895992279053,0.00488399993628263,0.278681010007858
"species",194,194,28.8398609161377,23.3663291931152,0.00191999995149672,0.28090500831604
"species",195,195,28.892520904541,23.0877208709717,0.00187599996570498,0.280032008886337
"species",196,196,29.234489440918,21.8300399780273,0.110077999532223,0.277087986469269
"species",197,197,28.8855895996094,25.3147602081299,0.000829999975394458,0.285165995359421
"species",198,198,28.8916702270508,25.2819499969482,0.000794999999925494,0.285100996494293
"species",199,199,31.0218601226807,22.8773307800293,0.00150999997276813,0.168761998414993
"species",200,200,28.9062404632568,23.1694602966309,0.00215999991632998,0.280164003372192
"species",201,201,28.9093799591064,25.3690490722656,0.000806999974884093,0.28506600856781
"species",202,202,28.9173698425293,23.1492500305176,0.00244099996052682,0.27980300784111
"species",203,203,29.1079692840576,22.4091892242432,0.0825719982385635,0.27709099650383
"species",204,204,28.894660949707,23.8024196624756,0.00412900000810623,0.283210009336472
"species",205,205,28.9085102081299,23.5960903167725,0.00314299995079637,0.280934989452362
"species",206,206,29.2621803283691,22.2444591522217,0.0508960001170635,0.276978999376297
"species",207,207,28.9706401824951,24.0149707794189,0.00909299962222576,0.286024987697601
"species",208,208,29.210620880127,22.5467491149902,0.036701999604702,0.276962012052536
"species",209,209,29.0753307342529,23.1680507659912,0.0104299997910857,0.278423994779587
"species",210,210,29.2725601196289,22.430549621582,0.0287379994988441,0.277233988046646
"species",211,211,29.0844993591309,23.3518295288086,0.00503099989145994,0.278627991676331
"species",212,212,31.0003890991211,22.9451103210449,0.000937999982852489,0.168629005551338
"species",213,213,29.1832809448242,22.9188594818115,0.0223580002784729,0.277498990297318
"species",214,214,29.2695903778076,22.4917697906494,0.0293209999799728,0.277231007814407
"species",215,215,27.5341091156006,24.4924602508545,0.00114299997221678,0.119855999946594
"species",216,216,29.2337207794189,22.7037792205811,0.035266000777483,0.277280002832413
"species",217,217,29.3087406158447,22.4087390899658,0.0365279987454414,0.277357012033463
"species",218,218,30.8848495483398,23.3530292510986,0.000834000005852431,0.170757994055748
"species",219,219,28.9242095947266,25.5764408111572,0.000437999988207594,0.288832992315292
"species",220,220,30.7502498626709,23.7581195831299,0.00092299998505041,0.171231001615524
"species",221,221,30.652229309082,23.9539794921875,0.0007999999797903,0.172493994235992
"species",222,222,29.1778507232666,23.6552600860596,0.0131080001592636,0.282703995704651
"species",223,223,28.8829803466797,24.7141208648682,0.000155999994603917,0.290051996707916
"species",224,224,27.4535007476807,24.7046794891357,0.0197160001844168,0.117455996572971
"species",225,225,27.3012409210205,24.6187400817871,0.0203760005533695,0.117457002401352
"species",226,226,29.2249202728271,26.0982704162598,0.000180999995791353,0.296173989772797
"species",227,227,30.6734504699707,24.6042499542236,0.00377999991178513,0.166644006967545
"species",228,228,30.7015991210938,24.5929203033447,0.0689899995923042,0.155976995825768
"species",229,229,29.1512393951416,23.1287403106689,0.0200859997421503,0.281773000955582
"species",230,230,29.3284397125244,26.5573501586914,1.29999998534913e-05,0.298988997936249
"species",231,231,29.3185005187988,26.5531406402588,1.40000001920271e-05,0.299216002225876
"species",232,232,29.2993907928467,26.6014308929443,1.70000002981396e-05,0.299903005361557
"species",233,233,30.7305603027344,25.100959777832,0.000140999996801838,0.171625003218651
"species",234,234,30.3088493347168,25.885799407959,3.40000005962793e-05,0.177304998040199
"species",235,235,30.2223606109619,26.0780792236328,7.10000022081658e-05,0.177778005599976
"species",236,236,30.5093994140625,25.9333992004395,0.00417400011792779,0.181504994630814
"species",237,237,29.0236797332764,23.5611095428467,0.0294829998165369,0.28370800614357
"species",238,238,30.3950004577637,26.0436592102051,0.00881700031459332,0.18359200656414
"species",239,239,29.0191593170166,24.3535499572754,0.0116079999133945,0.285699009895325
"species",240,240,29.01003074646,24.0083694458008,0.0130190001800656,0.285349994897842
"species",241,241,29.0137004852295,24.1590309143066,0.00909900013357401,0.285472005605698
"species",242,242,29.0012397766113,24.5349903106689,0.00787200033664703,0.28745499253273
"species",243,243,28.9912395477295,23.8737392425537,0.0116360001266003,0.284707993268967
"species",244,244,29.0237407684326,23.3674907684326,0.0205520000308752,0.283614993095398
"species",245,245,29.0451507568359,24.6032600402832,0.00816200021654367,0.287633985280991
"species",246,246,29.0322704315186,23.3973503112793,0.0266410000622272,0.283142000436783
"species",247,247,29.0123291015625,23.9582195281982,0.0127790002152324,0.284319013357162
"species",248,248,29.010139465332,24.1629009246826,0.00412400020286441,0.285733997821808
"species",249,249,29.0672092437744,24.6797504425049,0.0068589998409152,0.286996006965637
"species",250,250,29.0102405548096,23.9911098480225,0.00814899988472462,0.284384995698929
"species",251,251,29.029369354248,23.6013507843018,0.0253580007702112,0.282920002937317
"species",252,252,29.0068893432617,23.800910949707,0.0121280001476407,0.28328600525856
"species",253,253,28.9962406158447,23.5812397003174,0.0175310000777245,0.283255994319916
"species",254,254,29.4987392425537,23.6887397766113,0.0473069995641708,0.278827011585236
"species",255,255,29.0055694580078,23.8472499847412,0.0121120000258088,0.28337100148201
"species",256,256,29.0092506408691,23.7864208221436,0.0160990003496408,0.283307999372482
"species",257,257,29.5282192230225,27.7681007385254,7.00000009601354e-06,0.313470005989075
"species",258,258,30.2765293121338,25.4676990509033,0.0010669999755919,0.189055994153023
"species",259,259,30.2457103729248,25.2909107208252,0.000956000003498048,0.189346998929977
"species",260,260,28.5827503204346,25.5562496185303,0.00558099988847971,0.0996979996562004
"species",261,261,28.9799900054932,24.5099906921387,0.0183160006999969,0.279774010181427
"species",262,262,29.0240097045898,24.4613208770752,0.0278980005532503,0.279561996459961
"species",263,263,29.0327892303467,24.3967800140381,0.0203230008482933,0.279228985309601
"species",264,264,28.7225093841553,25.4291496276855,0.0299009997397661,0.103147998452187
"species",265,265,29.0382995605469,24.5059604644775,0.00896899960935116,0.278926998376846
"species",266,266,30.3099994659424,26.5675792694092,0.0118260001763701,0.209718003869057
"species",267,267,29.0951595306396,24.6907005310059,0.000629000016488135,0.278263986110687
"species",268,268,30.2959098815918,26.6068992614746,0.0192949995398521,0.215048000216484
"species",269,269,29.1267395019531,24.5464897155762,0.00124400004278868,0.278252989053726
"species",270,270,28.9398593902588,26.5286598205566,0.00417600013315678,0.213032007217407
"species",271,271,29.1677207946777,24.5410194396973,0.00103599997237325,0.278140991926193
"species",272,272,29.1532592773438,24.5705509185791,0.000666000007186085,0.278057992458344
"species",273,273,29.1564903259277,24.7275905609131,0.000631999981123954,0.277978986501694
"species",274,274,29.4681491851807,24.3799705505371,0.0345060005784035,0.277570992708206
"species",275,275,29.2450904846191,24.6414909362793,0.000450999999884516,0.277806013822556
"species",276,276,29.1810207366943,24.7434101104736,0.000546999974176288,0.277815014123917
"species",277,277,29.5296592712402,24.8171195983887,0.001077999942936,0.276463985443115
"species",278,278,29.5848007202148,24.9943199157715,0.000136999995447695,0.27581399679184
"species",279,279,28.5446395874023,26.8747806549072,2.61505389213562,0.53202098608017
"species",280,280,29.1926898956299,25.5193691253662,0.301427006721497,0.247372001409531
"species",281,281,29.6658000946045,26.1125392913818,0.216314002871513,0.264541000127792
"species",282,282,29.2374591827393,24.7876796722412,1.03199303150177,0.311677008867264
"species",283,283,28.5808601379395,26.9703807830811,3.21180295944214,0.579167008399963
"species",284,284,28.4380702972412,26.8296909332275,3.48618102073669,0.601737022399902
"species",285,285,29.7551803588867,27.3168506622314,0.131402000784874,0.249900996685028
"species",286,286,29.2315902709961,25.5592193603516,0.191832005977631,0.239309996366501
"species",287,287,30.0017509460449,27.3912296295166,0.0017359999474138,0.237389996647835
"species",288,288,30.0499000549316,27.3882102966309,0.00179000000935048,0.237336993217468
"species",289,289,30.018669128418,27.3943405151367,0.00180600001476705,0.237322002649307
"species",290,290,29.8118095397949,27.2057399749756,0.00358000001870096,0.236554995179176
"species",291,291,29.6111907958984,27.1869697570801,0.747245013713837,0.285095006227493
"species",292,292,29.8662395477295,28.2312393188477,0.473612010478973,0.735848009586334
"species",293,293,29.6927795410156,28.2490901947021,1.93480694293976,0.901181995868683
"species",294,294,29.8486804962158,28.2526206970215,0.517817974090576,0.667105972766876
"species",295,295,29.845630645752,28.2673091888428,0.422504007816315,0.619255006313324
"species",296,296,29.8319396972656,28.2652206420898,0.445524990558624,0.859894990921021
"species",297,297,29.8412094116211,28.267110824585,0.467864990234375,0.722701013088226
"species",298,298,29.767370223999,26.9190902709961,0.0228109993040562,0.259231001138687
"species",299,299,29.7924900054932,28.2774906158447,0.618698000907898,0.803327977657318
"species",300,300,29.8007297515869,28.2736396789551,0.791158974170685,0.525963008403778
"species",301,301,29.8194904327393,28.2868690490723,1.08904099464417,0.281360000371933
"species",302,302,29.8752498626709,26.2151393890381,0.260237008333206,0.270262986421585
"species",303,303,29.8856391906738,26.2681293487549,0.273804008960724,0.272756993770599
"species",304,304,29.0245399475098,25.524829864502,0.488043010234833,0.26172399520874
"species",305,305,29.0214805603027,25.5256195068359,0.532126009464264,0.265179991722107
"species",306,306,29.9992904663086,28.5189609527588,0.0542830005288124,0.251062989234924
"species",307,307,30.180419921875,27.5916595458984,1.59207594394684,0.155217006802559
"species",308,308,30.1707592010498,27.574010848999,1.71791505813599,0.142800003290176
"species",309,309,30.3198890686035,28.0439605712891,3.7957170009613,0.000745000026654452
"species",310,310,30.3458309173584,28.1209506988525,3.68981909751892,0.000694999995175749
"species",311,311,29.887279510498,28.2580394744873,0.0120930001139641,0.197804003953934
"species",312,312,29.3001403808594,24.8293209075928,3.94172406196594,0.439521998167038
"species",313,313,29.9172801971436,28.0281200408936,0.00458100019022822,0.288316011428833
"species",314,314,28.7721405029297,23.5126399993896,7.67348384857178,0.693930983543396
"species",315,315,29.2476100921631,27.9317893981934,1.20000004244503e-05,0.238321006298065
"species",316,316,30.35325050354,27.2749500274658,0.0186979994177818,0.162386998534203
"species",317,317,30.3546199798584,27.2280902862549,0.018418999388814,0.16227699816227
"species",318,318,29.1304397583008,27.4463901519775,3.00000010611257e-06,0.222179993987083
"species",319,319,29.4321098327637,28.162130355835,5.99999984842725e-05,0.218695998191833
"species",320,320,29.9949398040771,27.6331901550293,0.00102700002025813,0.178025007247925
"species",321,321,29.894250869751,28.0700492858887,0.386624991893768,0.155276998877525
"species",322,322,29.6784896850586,26.3269500732422,4.46976089477539,0.763369977474213
"species",323,323,30.1917095184326,28.3159103393555,0.989390015602112,0.0962179973721504
"species",324,324,30.0336494445801,26.9602909088135,1.42226505279541,0.514240026473999
"species",325,325,29.9565296173096,27.2109394073486,0.397637009620667,0.384896010160446
"species",326,326,30.3700103759766,26.9198703765869,1.0657000541687,0.472106993198395
"species",327,327,29.1297206878662,27.1245002746582,0.656170010566711,0.000468999991426244
"species",328,328,29.1015892028809,27.1093502044678,0.609417974948883,0.000423999998020008
"species",329,329,30.5506801605225,26.7918491363525,1.45176601409912,0.363680005073547
"species",330,330,30.6903896331787,26.5991401672363,1.3723920583725,0.351971000432968
"species",331,331,29.418550491333,27.0842895507812,0.0537809990346432,0.246824994683266
"species",332,332,30.6835193634033,26.6557598114014,1.79164099693298,0.381437003612518
"species",333,333,29.4249591827393,27.0632801055908,0.0486660003662109,0.24770300090313
"species",334,334,30.6866092681885,26.6321392059326,1.64051294326782,0.367747992277145
"species",335,335,30.6158103942871,27.6808109283447,0.163440003991127,0.0176090002059937
"species",336,336,30.6206607818604,27.656909942627,0.19174300134182,0.0169569998979568
"species",337,337,30.6070804595947,27.6877403259277,0.162176996469498,0.019726999104023
"species",338,338,30.1863803863525,27.9700698852539,1.33676195144653,0.0602880008518696
"species",339,339,29.8113403320312,28.3268699645996,1.70000002981396e-05,0.264542013406754
"species",340,340,30.7906608581543,26.4482803344727,1.67339897155762,0.347553014755249
"species",341,341,30.1549091339111,27.9233093261719,4.99999987368938e-06,0.324254989624023
"species",342,342,28.3537406921387,23.7149906158447,0.815084993839264,0.114748001098633
"species",343,343,30.1764392852783,27.8628196716309,3.99999998990097e-06,0.327450007200241
"species",344,344,28.4653606414795,25.1379795074463,0.224977999925613,0.0724259987473488
"species",345,345,28.4024906158447,25.1012401580811,0.188866004347801,0.0670690014958382
"species",346,346,30.0994892120361,27.1798095703125,0.00277499994263053,0.186850994825363
"species",347,347,28.7859191894531,25.7831802368164,0.0449680015444756,0.0649660006165504
"species",348,348,28.7410697937012,25.7682590484619,0.0369580015540123,0.0527100004255772
"species",349,349,29.2448596954346,27.2616004943848,0.00235600001178682,0.304493993520737
"species",350,350,28.517520904541,25.5232791900635,0.0277670007199049,0.0442430004477501
"species",351,351,28.5372295379639,25.5496997833252,0.0292460005730391,0.0444630011916161
"species",352,352,28.3677291870117,25.0837993621826,0.0221400000154972,0.0426810011267662
"species",353,353,29.3294696807861,27.288330078125,0.0033239999320358,0.306125998497009
"species",354,354,29.3412399291992,27.2849903106689,0.00407500006258488,0.306347995996475
"species",355,355,28.606969833374,25.2467594146729,0.0225210003554821,0.0419120006263256
"species",356,356,28.6627807617188,25.3900508880615,0.025585999712348,0.0417729988694191
"species",357,357,28.6303291320801,25.2936305999756,0.0269969999790192,0.0416150018572807
"species",358,358,28.585729598999,24.7138004302979,0.0540950000286102,0.0426269993185997
"species",359,359,28.6424903869629,25.4774894714355,0.0276689995080233,0.041568998247385
"species",360,360,28.489990234375,24.7412395477295,0.0431570000946522,0.0419499985873699
"species",361,361,28.6751594543457,25.3434600830078,0.031479999423027,0.041533999145031
"species",362,362,28.6175193786621,25.0472507476807,0.0323829986155033,0.0415540002286434
"species",363,363,29.4653606414795,26.710620880127,0.822012007236481,0.059629000723362
"species",364,364,28.9720306396484,26.1096992492676,0.0505420006811619,0.0420890003442764
"species",365,365,29.3791999816895,26.8315906524658,0.0257660001516342,0.261574000120163
"species",366,366,29.2846508026123,26.7073001861572,0.188795000314713,0.0523089990019798
"species",367,367,29.260950088501,26.6773796081543,0.180562004446983,0.052666001021862
"species",368,368,29.2725391387939,26.6906890869141,0.181225001811981,0.0530590005218983
"species",369,369,29.79248046875,27.716609954834,3.99999998990097e-06,0.289319008588791
"species",370,370,29.7849903106689,27.6999893188477,3.99999998990097e-06,0.289889007806778
"species",371,371,29.3264904022217,26.6777992248535,0.155763000249863,0.045049998909235
"species",372,372,29.2448406219482,26.5856494903564,0.140386998653412,0.0398840010166168
"species",373,373,29.190450668335,26.5194206237793,0.133513003587723,0.0378880016505718
"species",374,374,29.1721992492676,26.4870700836182,0.133717998862267,0.0385549999773502
"species",375,375,29.8488998413086,27.537239074707,4.99999987368938e-06,0.290280997753143
"species",376,376,29.8653507232666,27.5310802459717,4.99999987368938e-06,0.290111005306244
"species",377,377,29.2049903869629,26.3974895477295,0.1102259978652,0.0364090017974377
"species",378,378,29.4406204223633,26.5676498413086,0.237571999430656,0.0373129993677139
"species",379,379,29.7258605957031,27.1195106506348,0.400779992341995,0.353504002094269
"species",380,380,29.2338008880615,26.3363990783691,0.0810829997062683,0.0263480003923178
"species",381,381,30.1006393432617,27.2177104949951,0.229017004370689,0.136412993073463
"species",382,382,29.1901607513428,26.2986602783203,0.0782399997115135,0.0246079992502928
"species",383,383,29.2227897644043,26.3059501647949,0.0769840031862259,0.0240139998495579
"species",384,384,30.0953006744385,27.188440322876,0.252568989992142,0.134964004158974
"species",385,385,30.0945796966553,27.1679706573486,0.164480000734329,0.137701004743576
"species",386,386,29.698429107666,26.3397102355957,0.368425011634827,0.000372000009519979
"species",387,387,27.794490814209,25.4477291107178,0.000144000005093403,0.339212000370026
"species",388,388,29.6798706054688,26.332239151001,0.246066004037857,0.000190000006114133
"species",389,389,29.7122001647949,26.2487506866455,0.384274005889893,0.000422000011894852
"species",390,390,29.0774898529053,26.0987396240234,0.0742060020565987,0.0267370007932186
"species",391,391,29.1512393951416,26.2049903869629,0.0919179990887642,0.0285310000181198
"species",392,392,29.0753192901611,26.1047801971436,0.0719500035047531,0.0250530000776052
"species",393,393,29.1555805206299,26.1979007720947,0.0878330022096634,0.0277999993413687
"species",394,394,29.1274795532227,26.1551990509033,0.0900610014796257,0.0272860005497932
"species",395,395,29.712589263916,25.6436290740967,11.2532196044922,0.263911008834839
"species",396,396,29.2608890533447,26.1546306610107,0.105250000953674,0.0168609991669655
"species",397,397,29.7077102661133,25.6303195953369,11.4118499755859,0.263507008552551
"species",398,398,29.2346496582031,26.1126194000244,0.0978100001811981,0.0155880004167557
"species",399,399,29.248779296875,26.1226806640625,0.0979939997196198,0.0158210005611181
"species",400,400,29.593469619751,27.0145702362061,0.044709000736475,0.00277699995785952
"species",401,401,29.4840297698975,26.8565902709961,0.0470310002565384,0.00138699996750802
"species",402,402,29.3969192504883,26.4540004730225,0.127216994762421,0.0145420003682375
"species",403,403,29.3264999389648,26.2855796813965,0.108159996569157,0.0165979992598295
"species",404,404,29.4019603729248,26.4622497558594,0.129771992564201,0.0139220003038645
"species",405,405,29.3201694488525,26.2727203369141,0.106066003441811,0.0166170001029968
"species",406,406,29.3746109008789,26.4312705993652,0.126313999295235,0.0149680003523827
"species",407,407,29.3685703277588,26.424129486084,0.121394999325275,0.0149800004437566
"species",408,408,29.3665504455566,26.4066200256348,0.11956000328064,0.0153170004487038
"species",409,409,29.5073299407959,26.9178295135498,0.0470900014042854,0.00244599999859929
"species",410,410,29.345630645752,26.3617706298828,0.11498399823904,0.0164219997823238
"species",411,411,29.3629493713379,26.3914108276367,0.116033002734184,0.0158929992467165
"species",412,412,29.4002094268799,26.4359893798828,0.131123006343842,0.01331099960953
"species",413,413,29.2500190734863,26.1506004333496,0.0977199971675873,0.015447000041604
"species",414,414,29.273120880127,26.3346004486084,0.151997998356819,0.0113559998571873
"species",415,415,30.0093898773193,26.5769596099854,9.0000003183377e-06,0.272215008735657
"species",416,416,29.3912391662598,26.4146194458008,0.130401998758316,0.0125399995595217
"species",417,417,29.2272090911865,26.1081790924072,0.091168001294136,0.0149360001087189
"species",418,418,30.0073890686035,26.5504093170166,9.0000003183377e-06,0.271719008684158
"species",419,419,29.1987895965576,26.0610103607178,0.0810609981417656,0.012690999545157
"species",420,420,29.1849899291992,26.052490234375,0.0747279971837997,0.00981099996715784
"species",421,421,29.1961708068848,26.0071392059326,0.0749180018901825,0.0105950003489852
"species",422,422,29.7224903106689,26.8062400817871,0.0434920005500317,0.000546999974176288
"species",423,423,29.2430591583252,23.9930095672607,3.12293291091919,0.000265000009676442
"species",424,424,29.1898002624512,26.066520690918,0.0675989985466003,0.00578799983486533
"species",425,425,29.180700302124,26.0717792510986,0.0677890032529831,0.00332899997010827
"species",426,426,29.1830806732178,26.0722103118896,0.0656929984688759,0.00320899998769164
"species",427,427,29.835470199585,26.9187107086182,0.0467739999294281,0.00136899994686246
"species",428,428,26.614839553833,24.3590908050537,0.00290900003165007,0.352845013141632
"species",429,429,29.0850391387939,26.0085906982422,0.10563699901104,0.00515600014477968
"species",430,430,26.3454895019531,23.8553199768066,0.00113600003533065,0.336825013160706
"species",431,431,29.9476299285889,25.7462501525879,1.29999998534913e-05,0.255405008792877
"species",432,432,26.3814792633057,23.8729400634766,0.00136400002520531,0.336275994777679
"species",433,433,26.5080795288086,24.0223197937012,0.0019109999993816,0.336463987827301
"species",434,434,26.666919708252,24.1444492340088,0.00134900002740324,0.336320012807846
"species",435,435,26.8039894104004,24.2533302307129,0.000997000024653971,0.336097002029419
"species",436,436,26.7845897674561,24.2333106994629,0.00109599996358156,0.335597991943359
"species",437,437,26.3565692901611,23.7794895172119,0.00121200003195554,0.334596991539001
"species",438,438,26.744010925293,24.1709995269775,0.000997000024653971,0.335539013147354
"species",439,439,26.3728199005127,23.8063297271729,0.00122400000691414,0.334160000085831
"species",440,440,26.3124904632568,23.7187404632568,0.00117099995259196,0.334558010101318
"species",441,441,26.6228809356689,24.0404796600342,0.00111399998422712,0.334264993667603
"species",442,442,29.1824893951416,23.9962406158447,0.223286002874374,0.373964995145798
"species",443,443,26.3767604827881,23.8013191223145,0.00105099997017533,0.334223985671997
"species",444,444,26.3847198486328,23.8049697875977,0.000945999985560775,0.333961993455887
"species",445,445,26.5328102111816,23.9180507659912,0.00104000000283122,0.33364599943161
"species",446,446,26.4978904724121,23.8628101348877,0.000961999990977347,0.334569990634918
"species",447,447,26.6352195739746,23.9242496490479,0.000422000011894852,0.334583014249802
"species",448,448,26.8527908325195,24.1766796112061,0.000763999996706843,0.334360986948013
"species",449,449,26.8270492553711,24.1470794677734,0.000505000003613532,0.334333002567291
"species",450,450,26.623119354248,23.9090309143066,0.000437000009696931,0.334827989339828
"species",451,451,26.7450695037842,24.0525608062744,0.000487000012071803,0.334345012903214
"species",452,452,26.6268291473389,23.9047698974609,0.00044900001375936,0.334179997444153
"species",453,453,26.888879776001,24.198450088501,0.00122099998407066,0.333893001079559
"species",454,454,26.8241291046143,24.1207904815674,0.00120900000911206,0.33364999294281
"species",455,455,26.5780906677246,23.839599609375,0.000484999996842816,0.333914011716843
"species",456,456,26.6365795135498,23.9078693389893,0.000515999970957637,0.333743989467621
"species",457,457,26.5591297149658,23.7705001831055,0.00115100003313273,0.332864999771118
"species",458,458,26.8696708679199,23.8561496734619,0.000999000039882958,0.330817013978958
"species",459,459,26.901439666748,23.8476905822754,0.00175299996044487,0.330345004796982
"species",460,460,26.7117099761963,23.6934509277344,0.00101100001484156,0.329748004674911
"species",461,461,26.7310009002686,23.6857299804688,0.00109999999403954,0.329174011945724
"species",462,462,26.7804508209229,23.7037601470947,0.00136800005566329,0.329178988933563
"species",463,463,26.7919998168945,23.7071304321289,0.00148400000762194,0.329391986131668
"species",464,464,29.0906791687012,23.670389175415,0.0221090000122786,0.00719199981540442
"species",465,465,29.1587390899658,21.9837398529053,0.779201984405518,0.0385890007019043
"species",466,466,29.5433502197266,22.1099491119385,0.0207739993929863,0.295275002717972
"species",467,467,29.7815704345703,23.6653709411621,0.0352470017969608,0.00573599990457296
"species",468,468,29.5948295593262,21.5433807373047,0.0397589989006519,0.252101987600327
"species",469,469,26.9898891448975,23.3370304107666,3.60000012733508e-05,0.325042009353638
"species",470,470,27.2304306030273,23.2787094116211,0.00160499999765307,0.31292998790741
"species",471,471,29.5183391571045,23.6042404174805,0.250151991844177,0.249941006302834
"species",472,472,30.223690032959,22.3478908538818,1.87071204185486,9.30000023799948e-05
"species",473,473,30.3159999847412,21.5399799346924,2.26712703704834,8.60000000102445e-05
"species",474,474,29.3031406402588,22.1269397735596,0.161155998706818,0.40005099773407
"species",475,475,29.2795791625977,22.6652507781982,0.0112779997289181,0.420792996883392
"species",476,476,30.1639308929443,23.3887500762939,1.35539102554321,0.000109000000520609
"species",477,477,30.3179397583008,20.0693492889404,3.5557689666748,0.000140999996801838
"species",478,478,27.7312602996826,22.3636207580566,0.00242800009436905,0.265536993741989
"species",479,479,27.7341194152832,22.3635501861572,0.0023350000847131,0.265332013368607
"species",480,480,27.8564205169678,22.3004703521729,0.00146499997936189,0.248575001955032
"species",481,481,27.860860824585,22.3086204528809,0.0014009999576956,0.250413000583649
"species",482,482,27.7025909423828,22.1020107269287,0.00203799991868436,0.25984400510788
"species",483,483,27.8432998657227,22.181079864502,0.00138000003062189,0.247713997960091
"species",484,484,27.8590908050537,22.2052402496338,0.00105299998540431,0.24872000515461
"species",485,485,29.1210308074951,21.6829299926758,0.544550001621246,0.250999003648758
"species",486,486,29.0884704589844,21.3264198303223,0.425278007984161,0.239882007241249
"species",487,487,30.1203308105469,19.9186096191406,4.21802377700806,0.000608999980613589
"species",488,488,28.9064903259277,20.6621208190918,1.23625898361206,0.30467501282692
"species",489,489,26.1233196258545,14.9256401062012,0.0192469991743565,0.035121001303196
"species",490,490,24.7046508789062,13.2936401367188,0.0690580010414124,0.0593280009925365
"species",491,491,24.7037391662598,13.2934198379517,0.0627069994807243,0.0558069981634617
